1000000
11000000
2000000
8000000
2000000
10000000
9000000
1000000
1000000
9000000
2000000
1000000
1000000
1000000
9000000
0
0
6000000
8000000
2000000
1000000
1000000
1000000
1000000
10000000
3000000
8000000
1000000
0
1000000
1000000
11000000
1000000
9000000
11000000
9000000
0
1000000
0
0
4000000
1000000
0
9000000
1000000
1000000
5000000
1000000
3000000
1000000
8000000
1000000
1000000
1000000
0
0
7000000
1000000
1000000
8000000
8000000
6000000
7000000
1000000
0
1000000
0
1000000
1000000
1000000
2000000
11000000
9000000
8000000
10000000
1000000
1000000
8000000
1000000
2000000
2000000
0
1000000
0
0
1000000
9000000
13000000
1000000
10000000
1000000
1000000
9000000
0
0
7000000
11000000
7000000
1000000
0
8000000
1000000
0
9000000
0
11000000
2000000
1000000
10000000
1000000
9000000
1000000
1000000
0
6000000
7000000
8000000
10000000
1000000
0
9000000
12000000
2000000
0
1000000
9000000
8000000
3000000
3000000
1000000
9000000
10000000
9000000
1000000
2000000
8000000
1000000
0
7000000
11000000
0
1000000
1000000
2000000
2000000
1000000
0
1000000
1000000
0
1000000
9000000
1000000
11000000
9000000
1000000
0
9000000
2000000
1000000
7000000
1000000
1000000
9000000
10000000
1000000
10000000
9000000
1000000
1000000
1000000
1000000
1000000
13000000
1000000
11000000
2000000
1000000
1000000
2000000
1000000
10000000
1000000
1000000
1000000
6000000
1000000
3000000
1000000
1000000
11000000
1000000
1000000
2000000
1000000
1000000
12000000
9000000
0
1000000
1000000
0
8000000
0
1000000
9000000
1000000
11000000
1000000
1000000
1000000
1000000
9000000
1000000
0
1000000
1000000
1000000
2000000
0
0
1000000
1000000
9000000
1000000
1000000
8000000
13000000
1000000
1000000
1000000
1000000
11000000
0
0
1000000
1000000
1000000
1000000
1000000
1000000
2000000
1000000
0
10000000
12000000
4000000
10000000
12000000
1000000
2000000
1000000
2000000
1000000
1000000
1000000
1000000
7000000
1000000
2000000
10000000
7000000
1000000
1000000
9000000
11000000
2000000
8000000
10000000
0
1000000
10000000
1000000
1000000
1000000
2000000
1000000
11000000
0
12000000
1000000
1000000
0
0
0
1000000
1000000
12000000
10000000
1000000
9000000
13000000
0
10000000
0
1000000
0
2000000
2000000
9000000
1000000
0
1000000
1000000
1000000
1000000
1000000
2000000
1000000
1000000
12000000
0
0
1000000
0
10000000
1000000
0
0
0
9000000
4000000
1000000
6000000
1000000
6000000
2000000
11000000
1000000
0
1000000
1000000
1000000
1000000
2000000
9000000
1000000
1000000
8000000
1000000
6000000
11000000
1000000
1000000
0
1000000
1000000
10000000
2000000
10000000
5000000
1000000
11000000
11000000
7000000
1000000
10000000
1000000
9000000
2000000
0
9000000
1000000
1000000
0
1000000
10000000
1000000
1000000
2000000
1000000
1000000
11000000
1000000
8000000
1000000
1000000
9000000
1000000
2000000
0
10000000
1000000
1000000
4000000
3000000
0
10000000
9000000
13000000
3000000
8000000
12000000
0
1000000
1000000
9000000
11000000
2000000
1000000
1000000
1000000
0
0
10000000
0
0
1000000
0
11000000
1000000
0
3000000
1000000
9000000
1000000
1000000
10000000
0
0
9000000
0
3000000
1000000
10000000
1000000
1000000
9000000
1000000
1000000
9000000
8000000
3000000
10000000
1000000
0
10000000
11000000
1000000
1000000
0
1000000
1000000
0
2000000
9000000
1000000
1000000
1000000
6000000
10000000
2000000
1000000
9000000
1000000
1000000
0
8000000
1000000
1000000
1000000
8000000
10000000
1000000
1000000
1000000
2000000
8000000
1000000
3000000
1000000
1000000
1000000
13000000
1000000
0
10000000
3000000
1000000
1000000
1000000
4000000
0
10000000
0
0
9000000
8000000
2000000
1000000
1000000
10000000
9000000
0
10000000
2000000
2000000
9000000
1000000
10000000
