32
29
35
34
53
50
23
32
27
25
25
40
51
33
32
37
38
33
8
33
44
48
25
29
44
30
37
43
26
43
33
25
37
27
39
36
36
59
46
39
23
30
44
27
37
27
35
26
49
43
17
29
37
17
43
27
36
42
28
21
46
30
38
44
37
36
51
44
32
41
38
17
37
34
30
60
35
25
36
22
51
42
27
29
31
34
32
30
44
32
56
11
36
30
40
49
27
36
53
38
51
42
27
21
34
53
45
34
40
30
32
25
28
30
28
21
48
38
27
18
31
38
36
35
30
32
23
46
33
33
53
44
36
27
43
27
43
38
35
42
24
39
34
16
54
47
34
42
36
38
44
33
49
37
24
44
25
50
34
44
32
37
37
38
41
35
21
38
39
38
45
48
36
29
27
43
35
32
28
46
46
18
41
32
46
41
41
36
21
33
48
31
64
29
23
47
37
31
35
46
27
37
41
51
41
11
23
53
33
30
33
35
32
35
45
31
51
17
42
28
36
54
35
44
46
56
42
33
54
36
29
20
34
45
41
38
21
45
41
31
43
25
38
45
40
26
40
35
34
26
30
35
33
45
29
41
54
30
35
40
42
49
38
32
35
31
40
38
36
22
36
47
36
38
17
45
44
17
35
27
29
29
28
40
35
11
54
41
45
58
26
29
50
40
40
36
22
41
30
41
28
33
18
29
34
36
24
29
47
50
34
50
23
25
26
27
36
35
34
22
35
58
48
39
13
22
33
30
19
61
44
26
33
33
29
26
50
32
41
29
39
32
37
32
39
42
63
30
38
30
22
37
43
48
32
24
33
40
36
38
32
33
34
33
29
31
38
31
41
35
40
35
30
42
27
48
36
37
38
25
30
60
38
25
32
24
39
23
19
51
23
26
34
43
39
44
30
32
36
37
34
28
42
27
53
33
32
37
28
16
41
34
34
26
26
48
30
32
20
31
37
23
48
28
16
28
58
27
40
31
32
40
44
50
40
29
36
45
20
48
28
36
28
40
42
30
21
25
49
39
41
50
59
49
46
29
37
34
32
38
44
38
52
32
46
29
26
40
37
31
34
37
35
39
38
27
33
35
45
42
36
29
37
35
49
34
56
36
33
39
22
46
32
40
43
34
42
32
48
28
