100 2000
2 1 1 5
3 2 10 6
4 3 9 5
5 3 5 2
6 3 8 10
7 3 7 10
8 3 1 8
9 6 8 1
10 9 2 8
11 10 9 3
12 9 9 4
13 1 7 7
14 10 2 2
15 11 4 8
16 11 4 6
17 14 7 5
18 17 1 6
19 18 7 2
20 14 9 3
21 11 9 8
22 15 1 8
23 10 5 1
24 7 6 6
25 18 8 1
26 10 7 6
27 20 6 7
28 20 4 7
29 24 4 6
30 21 8 3
31 28 2 5
32 6 9 8
33 24 5 7
34 19 7 10
35 31 1 3
36 23 7 6
37 12 6 10
38 24 8 3
39 23 8 7
40 20 4 9
41 16 3 8
42 1 7 4
43 4 4 10
44 39 5 9
45 4 6 7
46 16 7 4
47 36 8 9
48 37 5 9
49 9 8 6
50 46 7 5
51 43 9 2
52 10 1 10
53 13 4 5
54 4 4 7
55 45 4 5
56 7 8 7
57 34 5 10
58 50 8 6
59 49 1 8
60 31 9 2
61 17 10 2
62 58 5 3
63 53 5 5
64 63 2 1
65 57 10 3
66 65 2 6
67 49 6 1
68 1 2 3
69 19 8 1
70 7 1 5
71 63 4 6
72 17 9 7
73 38 2 9
74 40 9 5
75 22 10 4
76 53 1 10
77 43 10 8
78 57 5 8
79 38 3 10
80 52 10 8
81 15 6 9
82 17 3 1
83 47 4 8
84 16 7 2
85 18 10 1
86 42 8 9
87 13 4 8
88 69 8 6
89 61 5 10
90 17 3 5
91 44 3 3
92 83 5 10
93 1 8 9
94 7 5 10
95 41 10 2
96 82 5 6
97 21 10 7
98 2 6 2
99 80 9 4
100 60 5 9
14 42 7 1
83 9 5 3
86 96 1 6
50 28 5 6
52 81 7 6
82 19 7 8
64 43 4 5
46 31 2 8
96 50 3 10
26 85 3 4
52 44 1 8
77 62 6 1
1 70 10 2
75 27 6 5
93 6 1 1
54 80 9 7
47 45 8 6
65 42 1 4
39 52 3 4
28 91 7 10
77 80 9 4
21 95 2 1
3 98 9 5
36 88 4 6
94 3 3 4
58 94 9 5
99 72 6 2
29 55 1 8
74 54 3 9
77 15 9 7
50 54 8 6
47 76 2 4
90 60 9 4
40 18 5 3
16 7 5 8
90 30 1 8
65 31 3 1
9 74 7 10
82 40 10 7
83 15 3 5
47 37 2 4
8 61 1 7
59 69 6 5
1 97 1 6
13 75 7 4
72 69 2 8
19 86 3 8
20 97 5 5
94 76 4 8
73 75 2 1
58 35 1 6
9 39 9 9
90 18 5 7
63 38 7 1
1 19 2 9
63 18 7 3
82 75 7 8
11 56 5 3
32 23 4 3
10 92 10 7
80 44 4 9
99 7 7 8
61 3 4 9
95 11 7 8
63 93 10 2
50 61 10 2
6 39 1 4
57 96 9 7
80 46 2 10
49 31 10 5
18 71 9 3
56 31 7 2
89 27 4 10
34 80 3 5
38 62 10 2
69 52 1 5
21 91 6 6
76 27 3 4
37 99 8 4
27 97 3 2
5 31 9 6
62 33 4 5
78 23 9 9
59 51 9 4
89 74 8 9
60 80 3 5
38 29 9 2
29 91 3 3
51 2 5 1
32 71 3 2
20 5 6 2
71 23 3 9
46 87 1 10
21 81 8 7
75 99 7 5
71 94 5 5
23 87 3 7
64 95 4 8
7 26 1 3
19 22 10 7
69 33 6 1
86 54 4 3
97 11 2 1
63 69 6 1
8 68 3 7
36 32 7 5
60 51 8 9
45 40 5 8
65 77 7 3
22 13 5 3
20 44 10 5
83 14 4 9
15 32 2 1
6 83 6 1
54 87 8 8
56 65 7 9
26 97 10 10
22 5 4 2
29 83 2 7
29 3 4 3
63 75 4 1
33 50 9 1
13 2 5 10
81 5 2 7
81 82 9 4
92 70 6 5
65 81 9 4
69 90 6 10
47 92 8 6
45 34 10 8
77 13 7 10
2 74 6 3
87 37 6 5
39 47 2 6
7 13 9 2
51 70 7 1
13 73 1 7
69 29 10 4
4 19 6 5
36 84 3 2
95 77 1 8
59 1 2 3
38 65 4 10
98 64 9 3
78 13 9 7
55 14 2 8
86 26 6 10
40 88 3 6
25 89 7 8
40 13 2 7
46 4 3 7
93 32 3 4
81 4 4 1
61 16 10 9
9 100 10 6
79 90 5 1
73 74 3 1
69 80 10 3
36 18 2 4
92 51 8 6
33 1 2 4
88 19 7 2
75 8 5 5
6 18 7 9
13 28 8 5
12 53 3 6
78 47 1 1
99 13 4 4
94 36 6 1
11 62 8 2
86 82 1 1
29 9 3 5
57 46 10 5
28 24 9 2
88 2 1 10
84 15 6 9
68 44 6 1
27 36 7 10
55 53 10 9
66 94 10 3
74 1 5 2
56 26 8 6
6 66 10 5
76 38 7 3
91 69 10 1
49 33 6 9
38 55 4 7
58 34 7 5
81 80 5 3
26 77 3 3
53 42 4 4
77 99 8 1
42 49 2 1
20 50 10 2
54 72 4 10
72 25 2 2
29 46 3 4
10 35 5 1
97 77 9 5
75 28 3 3
39 57 5 10
32 85 5 10
31 88 3 8
35 84 9 7
7 19 4 3
53 78 5 5
50 2 2 6
40 26 6 7
56 57 4 10
12 66 4 3
37 43 7 10
42 6 8 1
20 47 1 3
8 4 8 6
32 3 9 9
22 100 10 10
3 25 2 3
81 28 9 1
50 88 4 4
99 64 6 1
14 90 6 1
16 5 7 2
72 88 2 5
22 37 8 8
68 71 5 3
40 65 7 3
44 92 10 4
41 81 9 10
17 97 7 9
62 66 5 3
76 68 3 10
18 10 4 8
10 1 2 10
76 85 9 1
67 64 5 8
28 49 10 4
79 45 6 4
94 8 4 2
60 8 6 4
93 92 1 7
49 24 9 8
63 16 8 9
96 62 7 10
67 39 7 6
46 14 1 5
98 77 9 10
73 3 7 9
53 99 4 2
95 59 8 4
85 62 9 3
73 55 5 7
67 63 4 10
7 84 9 7
63 90 9 1
8 18 5 7
61 51 7 2
14 45 7 9
67 6 1 3
24 54 8 5
47 38 9 4
22 10 7 6
37 31 5 6
5 96 10 5
47 98 8 4
92 49 3 2
92 15 7 9
66 14 5 8
5 6 8 7
78 40 1 4
39 20 3 6
67 47 5 2
71 77 9 3
100 57 5 3
30 68 4 6
56 62 6 5
3 45 8 2
73 40 6 7
66 52 7 1
14 30 9 9
49 91 6 1
81 47 9 3
40 55 1 7
28 79 1 3
77 88 4 10
55 63 7 10
25 44 6 5
46 64 7 7
60 44 8 3
12 76 3 6
87 28 7 10
53 44 7 3
14 54 1 4
70 81 1 1
18 44 2 6
13 20 4 4
19 96 6 6
11 59 5 10
10 32 9 5
57 86 2 2
91 14 7 5
9 15 4 10
73 69 4 5
59 33 4 6
65 27 3 3
23 61 8 7
31 67 6 2
46 36 4 1
98 80 4 6
48 93 6 9
95 46 10 3
24 41 4 8
28 37 3 3
45 5 5 10
57 27 4 5
89 58 5 4
12 64 1 2
9 73 5 3
72 70 6 7
44 100 1 5
6 40 6 5
86 78 9 3
32 90 3 10
92 28 4 1
73 70 1 6
71 88 5 7
66 82 1 2
97 9 6 2
55 58 7 2
81 46 7 6
54 5 3 7
50 79 6 5
40 54 5 7
91 1 3 2
81 34 3 5
99 42 2 1
38 60 2 4
98 81 3 6
33 15 9 6
61 1 10 9
95 81 7 2
48 58 7 1
8 2 8 1
94 81 10 3
18 76 5 1
44 76 1 2
6 52 1 9
29 2 9 5
12 51 9 2
75 90 6 8
89 81 4 4
23 88 1 3
12 80 9 6
3 57 7 7
39 7 7 8
48 50 4 4
33 35 10 3
5 14 1 2
8 74 4 3
50 45 5 8
66 5 4 3
19 77 5 8
37 19 1 5
10 6 6 10
46 82 3 3
38 19 10 2
90 24 10 4
8 7 4 10
26 25 2 1
75 100 1 6
79 5 6 10
57 55 1 3
23 62 3 7
15 6 3 8
88 74 1 10
7 32 6 2
81 43 8 3
94 34 8 2
31 89 4 9
18 52 1 5
55 41 2 2
11 36 6 3
100 90 10 2
38 3 3 7
2 48 2 9
34 25 7 1
30 44 7 5
93 20 7 6
41 47 3 9
15 85 4 9
64 79 4 5
71 8 5 8
72 7 6 7
26 36 9 10
66 42 1 10
10 83 7 10
75 76 3 9
36 5 3 4
9 3 8 2
64 25 2 1
3 74 6 9
68 33 2 8
27 12 7 2
97 94 2 7
51 21 4 7
19 76 6 9
79 18 1 9
71 66 3 1
51 20 9 2
23 46 6 1
10 65 4 3
68 52 6 4
64 65 1 10
22 59 8 5
94 4 8 9
31 9 5 10
61 13 9 2
66 84 1 2
92 86 9 1
82 61 6 2
84 33 5 9
80 11 10 1
100 27 8 8
74 64 2 4
48 46 8 5
38 71 6 9
86 79 1 10
75 34 6 4
93 54 10 1
59 98 1 5
93 64 6 5
10 48 2 2
12 7 7 2
14 27 3 1
77 54 7 1
11 22 5 3
94 84 6 4
19 24 1 5
55 15 9 10
33 31 3 6
17 74 7 10
26 31 6 10
17 93 4 9
99 18 10 2
31 61 5 6
78 52 9 2
93 62 2 6
11 6 6 1
13 95 8 9
55 18 4 2
25 31 4 4
24 9 1 6
13 97 6 10
82 59 1 6
52 25 9 3
32 77 9 1
33 63 3 2
99 87 5 6
5 15 7 4
95 51 6 9
33 48 6 2
94 46 4 6
65 58 7 2
8 1 4 1
96 6 2 5
99 76 8 5
74 22 2 4
55 65 1 7
69 81 10 3
70 44 2 10
66 51 6 9
39 12 1 9
80 27 4 10
8 98 6 8
95 29 1 7
3 97 6 6
27 2 6 8
95 30 10 8
37 24 2 7
63 34 10 9
3 15 9 9
17 42 9 8
89 13 3 8
6 62 2 1
64 94 9 10
83 57 8 4
58 43 8 9
30 65 4 1
91 33 10 9
35 9 2 8
8 97 7 3
21 93 8 7
80 79 1 1
67 82 2 6
88 8 1 4
35 26 9 4
44 11 2 1
82 60 2 1
46 11 9 5
42 51 1 6
72 77 7 2
90 52 8 8
53 18 6 4
66 100 1 4
66 19 8 2
8 33 6 1
96 73 8 2
29 92 8 6
67 40 3 3
33 20 1 8
28 57 5 2
78 72 4 1
48 81 10 9
8 32 4 8
69 18 10 8
89 75 1 1
25 79 9 8
83 40 1 7
5 47 2 8
26 4 8 4
57 53 8 2
37 29 7 5
76 37 10 10
44 65 2 8
93 16 7 7
49 15 10 7
63 6 5 6
47 16 5 8
36 74 1 1
6 8 3 2
4 52 8 6
92 40 1 5
46 100 4 8
93 98 8 4
21 57 3 5
18 74 8 2
98 72 8 4
34 7 5 10
90 78 8 3
85 64 2 10
81 40 9 7
17 78 8 5
54 56 8 1
53 49 7 1
32 44 3 5
44 10 6 1
100 8 5 5
80 59 5 5
91 37 5 7
58 83 4 9
39 89 9 3
47 48 4 8
84 13 9 9
48 55 6 3
32 65 6 5
77 69 4 10
55 98 9 6
66 61 6 6
95 97 7 6
94 17 9 5
53 22 5 5
5 80 6 8
76 90 2 10
35 46 1 9
52 98 2 4
37 49 7 1
60 54 8 4
30 81 7 7
79 48 5 7
63 31 1 9
41 45 8 6
1 48 6 5
70 48 4 3
62 27 3 2
21 79 5 4
87 31 5 7
27 70 3 1
68 35 8 7
96 11 7 3
51 86 1 8
61 78 2 4
61 42 9 6
35 21 8 10
34 50 10 2
63 79 2 8
86 31 10 10
47 95 7 5
25 36 9 10
81 33 1 10
61 29 2 10
45 22 7 1
53 62 3 2
4 58 4 5
55 50 9 9
37 39 5 9
97 18 2 3
14 58 7 2
58 57 4 4
51 79 9 3
33 14 1 5
23 1 2 2
69 45 3 2
31 50 10 3
33 83 10 7
85 70 2 5
33 17 2 9
62 52 8 1
1 60 4 8
26 62 4 10
20 64 9 7
60 89 7 2
98 39 3 8
32 16 3 2
83 32 6 5
20 59 1 7
19 55 9 5
37 51 6 6
25 7 10 9
95 9 2 5
49 88 6 8
54 75 3 4
10 96 5 9
47 57 1 1
87 18 7 1
76 93 5 3
93 3 9 8
36 51 4 8
63 4 10 5
22 28 6 10
7 78 8 7
74 38 8 1
58 31 5 1
95 23 8 4
78 34 2 6
8 17 1 9
72 24 7 7
10 87 7 9
37 85 10 5
38 36 6 6
99 19 8 1
85 92 6 10
34 71 5 4
37 61 9 9
78 28 8 5
67 51 4 9
95 6 6 4
49 57 9 1
41 86 10 2
47 56 6 7
100 5 10 10
45 64 9 10
42 56 10 9
46 27 4 10
5 57 1 2
32 62 4 9
72 100 1 8
88 68 2 7
99 10 2 7
70 12 2 1
70 47 8 3
41 8 9 5
8 84 9 10
70 90 1 9
55 84 10 1
73 87 5 4
86 22 5 2
96 35 8 7
91 31 8 5
27 41 5 6
48 38 5 9
96 43 6 2
92 38 3 1
80 57 4 4
94 26 2 10
7 82 1 4
70 97 6 6
47 68 7 6
80 85 6 8
24 63 4 2
29 73 4 6
59 25 7 4
5 18 10 1
58 46 9 4
28 60 7 3
92 63 2 1
96 32 5 7
73 44 9 2
100 81 7 7
97 96 6 8
35 77 8 2
38 34 10 3
50 23 1 5
69 1 4 6
21 47 10 4
63 5 6 10
13 71 10 9
64 86 9 4
27 55 4 5
67 34 7 9
37 33 6 4
87 59 3 1
66 93 8 6
100 94 3 4
70 25 1 7
63 26 1 10
51 50 3 3
36 65 9 9
32 43 6 4
28 70 1 2
42 46 7 1
89 66 4 5
39 96 8 4
22 6 1 4
48 4 9 9
50 16 1 3
35 16 8 7
29 45 4 8
25 43 7 3
50 32 2 3
6 30 3 4
57 61 4 3
77 84 2 6
9 63 3 2
89 23 1 7
48 42 6 7
83 31 8 2
54 10 1 2
46 74 9 10
53 7 2 6
44 98 1 1
67 54 8 10
40 51 5 3
45 66 7 2
65 74 9 10
1 58 6 3
86 29 2 1
16 48 6 8
61 77 10 5
2 14 3 6
57 95 7 5
19 47 1 10
89 46 6 4
97 72 5 7
83 19 1 6
100 39 10 3
27 50 1 9
52 67 7 8
82 23 3 10
1 96 10 6
36 85 4 9
71 99 3 9
62 13 7 6
59 19 5 5
92 36 5 4
34 21 5 5
91 83 8 1
94 90 5 10
5 76 2 4
93 33 4 6
30 23 3 2
98 37 6 6
84 74 3 2
74 98 2 10
30 37 9 10
81 91 10 6
26 1 4 4
48 71 8 1
31 66 4 9
39 83 2 5
2 86 3 8
54 66 6 9
16 8 9 5
73 54 5 1
14 21 1 1
41 90 10 10
35 83 2 6
61 91 2 10
2 73 8 10
76 96 7 8
30 4 8 1
67 10 7 2
60 11 3 2
83 48 4 2
32 5 2 4
39 74 8 8
44 78 2 4
61 60 10 4
96 48 6 8
26 76 5 5
60 65 7 1
99 28 4 3
48 19 1 2
91 32 2 6
85 74 4 1
44 48 8 4
54 100 4 7
68 29 5 2
48 57 2 8
56 8 1 8
29 31 1 2
73 6 8 10
29 42 7 1
8 47 8 6
58 100 10 5
32 45 10 3
15 51 4 7
20 52 4 7
93 9 5 7
25 33 8 5
49 66 9 9
32 55 10 9
78 71 3 2
41 20 7 2
75 33 1 9
18 73 2 9
27 10 10 6
87 52 4 10
21 13 9 1
36 45 1 5
37 11 10 7
48 22 7 4
38 96 1 1
98 30 9 2
28 3 8 8
59 60 6 1
80 43 5 7
73 91 1 10
82 33 3 7
15 95 7 8
99 11 6 7
91 89 6 8
86 34 9 5
30 58 5 7
85 11 5 7
82 95 5 10
28 39 10 8
26 46 2 2
42 26 3 5
42 78 4 8
35 75 6 1
12 71 2 5
40 35 5 2
87 7 3 6
15 21 9 6
5 95 6 3
76 92 5 4
96 20 9 6
12 75 4 7
69 42 8 9
16 70 7 8
76 79 4 10
72 50 2 10
92 14 1 7
48 36 6 1
80 97 9 9
55 64 3 4
31 84 6 9
76 64 9 1
21 56 2 1
72 32 10 6
63 25 9 4
4 86 10 10
47 69 5 7
69 6 9 4
68 90 5 5
56 81 10 7
36 17 3 10
18 48 10 8
39 34 10 10
68 94 7 1
18 45 1 3
15 30 9 9
35 34 8 6
57 73 6 4
37 26 4 6
19 27 6 8
85 6 9 1
88 90 1 2
19 23 3 6
43 86 10 4
22 33 6 1
80 73 10 10
53 3 8 3
89 94 8 6
14 1 1 3
90 42 1 4
66 95 6 10
88 73 2 1
71 9 6 10
5 61 10 8
34 89 5 2
46 66 3 1
84 1 2 2
48 65 1 2
58 21 7 6
1 63 8 1
38 90 5 1
93 27 7 4
33 23 1 10
28 96 4 6
56 50 5 3
87 35 7 10
45 73 10 4
9 7 1 10
83 77 4 6
63 57 10 5
45 93 6 10
38 39 1 3
37 69 4 8
2 6 8 5
77 63 6 6
72 48 5 2
62 51 5 6
39 3 7 8
27 84 10 6
39 60 8 8
25 69 9 4
61 72 3 6
88 70 9 1
88 78 2 5
81 20 5 8
87 25 10 4
68 100 5 7
100 2 10 4
40 96 7 5
55 86 1 10
76 100 10 4
80 47 6 4
13 74 6 7
24 36 6 9
95 28 8 2
76 74 2 7
98 67 10 6
93 95 8 1
40 42 10 10
56 68 6 7
37 38 2 7
88 100 8 3
27 24 9 2
45 54 8 10
58 95 3 10
12 3 7 9
57 26 3 8
70 26 5 9
85 63 6 8
68 74 9 5
72 35 7 4
28 7 5 1
15 2 7 7
21 64 8 2
61 84 4 4
87 72 4 10
18 94 7 8
90 77 8 9
19 84 10 8
65 13 7 2
78 77 6 10
62 44 2 3
69 5 10 2
52 97 4 3
69 58 4 8
2 89 5 4
99 60 5 5
62 22 9 4
62 41 9 8
66 90 9 8
63 10 10 1
96 25 7 8
65 51 1 3
31 38 2 1
71 72 6 4
95 52 2 6
100 85 3 6
87 65 8 10
27 44 6 4
53 91 9 4
47 73 3 6
20 89 1 2
31 19 5 7
35 52 2 4
87 74 6 3
27 25 1 3
71 93 4 8
62 8 3 10
91 74 10 9
45 61 6 5
30 75 2 4
59 38 4 2
96 85 9 3
76 23 1 4
18 22 10 7
64 81 2 2
82 14 9 9
55 24 8 6
32 26 10 9
28 63 3 3
70 37 4 3
66 79 5 10
18 35 3 9
6 29 7 7
75 25 7 7
96 81 3 3
8 67 3 3
68 66 3 9
66 30 8 2
43 99 8 3
94 38 5 4
58 8 7 3
59 9 9 6
26 6 6 6
72 22 7 8
31 51 7 8
89 38 9 5
92 5 8 2
100 73 2 5
79 26 3 1
2 35 6 1
45 90 5 10
45 19 10 1
64 87 5 3
81 22 2 5
63 78 5 7
45 78 8 10
16 72 5 5
4 59 2 8
86 66 9 6
66 37 5 9
75 47 4 4
50 86 6 9
66 21 6 3
52 47 2 10
28 94 8 6
37 89 8 5
8 23 6 10
52 23 4 10
5 40 9 2
75 29 4 2
72 40 8 9
26 88 4 8
43 90 7 7
31 20 8 7
21 25 2 2
50 63 6 1
9 50 7 2
87 40 4 6
29 65 5 8
87 30 3 9
42 62 9 4
32 66 2 2
62 84 9 10
17 81 6 7
61 33 4 2
41 22 10 7
97 38 10 5
81 37 6 1
61 64 1 4
87 63 10 7
100 32 1 9
98 17 7 2
79 67 6 8
74 86 6 10
36 10 5 10
92 4 4 1
54 29 4 5
43 8 10 2
37 35 5 5
61 85 3 7
37 57 8 6
25 95 7 10
23 96 3 8
20 21 1 10
24 22 9 10
97 65 6 7
76 4 2 3
49 14 5 9
39 92 1 4
15 44 1 1
98 20 2 6
39 10 2 8
22 77 3 1
69 16 3 9
54 94 5 3
34 44 5 6
36 83 4 7
80 100 1 9
48 82 9 5
34 41 3 2
80 82 6 5
85 23 9 5
53 88 9 4
75 83 10 6
13 60 10 6
72 4 1 10
99 100 4 9
24 35 10 2
32 28 7 4
36 1 8 8
91 57 3 7
42 50 2 1
86 12 8 1
67 83 2 4
34 65 1 9
29 41 2 10
45 21 1 1
21 41 8 5
39 63 1 3
13 44 9 3
62 67 4 1
7 95 6 3
29 79 5 1
58 56 6 3
94 56 5 4
2 95 6 3
89 29 7 5
52 14 3 4
34 15 8 9
87 93 1 6
30 61 7 1
71 35 7 5
62 91 10 6
74 47 10 2
47 66 5 6
64 66 9 2
22 27 6 3
35 99 2 10
29 17 9 6
52 26 9 2
12 13 1 9
81 97 1 8
93 38 4 4
35 67 9 3
13 27 7 1
4 50 2 4
86 10 9 5
64 26 6 4
14 47 3 2
2 71 7 7
25 32 8 5
40 38 9 3
41 46 8 4
74 31 10 5
73 32 8 3
39 90 3 8
33 11 3 5
73 12 9 7
11 2 3 5
88 34 6 6
12 38 10 3
30 13 7 8
38 4 10 8
95 92 9 4
1 9 7 10
25 60 3 5
78 56 9 7
3 21 6 2
76 49 6 1
85 9 3 4
6 38 10 10
16 67 3 9
51 19 4 7
21 80 9 2
32 41 4 8
53 29 9 3
44 72 10 6
82 16 4 9
54 95 3 6
39 59 3 4
81 84 3 7
75 81 3 2
8 21 5 6
74 32 10 2
77 47 10 1
20 85 9 1
83 74 3 4
78 24 5 10
68 41 10 10
1 57 9 5
76 28 8 3
50 64 4 6
50 25 3 9
53 10 5 8
94 96 5 5
53 9 6 9
73 4 10 5
12 99 8 2
91 20 2 3
48 23 8 9
60 42 6 5
15 48 7 9
56 41 2 10
10 74 8 9
82 1 9 9
98 94 10 10
88 84 4 7
85 17 10 10
2 92 5 7
5 28 2 8
36 99 10 3
88 16 7 8
71 30 2 8
62 35 10 7
20 37 7 2
62 4 1 1
13 69 1 5
84 9 6 9
40 63 2 7
68 91 7 8
10 29 4 8
29 94 4 10
66 69 4 6
28 23 2 3
29 100 10 8
97 79 8 5
51 78 5 4
97 29 3 2
81 11 7 2
16 83 7 9
56 79 6 2
5 21 9 8
54 43 2 6
92 21 7 3
11 64 5 4
56 88 8 2
75 21 8 2
7 30 3 8
60 73 4 10
4 96 2 8
84 14 8 2
50 78 3 8
89 55 3 10
41 78 10 6
75 59 10 5
59 92 1 3
82 72 8 5
90 3 7 4
69 64 4 5
11 39 6 6
36 69 8 6
39 15 5 8
16 17 2 8
15 23 6 1
88 87 10 10
12 67 8 8
45 98 6 5
87 66 2 1
67 87 8 9
99 65 1 7
16 14 5 5
32 38 2 6
80 29 1 9
14 12 7 3
15 47 7 5
63 37 8 10
60 49 9 4
88 86 5 1
1 62 10 9
80 72 8 10
67 30 10 2
67 21 1 5
54 97 10 8
33 56 5 7
59 78 4 9
4 18 1 10
16 57 4 7
95 37 8 6
45 86 8 2
69 55 5 8
68 54 7 4
63 49 9 2
60 67 6 3
16 71 3 8
54 89 2 9
41 43 5 5
26 84 7 10
45 100 1 9
80 58 9 5
45 26 3 10
40 75 3 7
57 92 6 2
14 56 1 7
86 48 10 7
90 73 6 1
38 14 3 7
83 20 5 6
41 3 1 9
71 11 2 6
3 91 5 8
79 60 2 3
63 97 7 9
99 44 10 3
18 50 10 10
11 35 9 2
96 98 5 1
73 46 7 1
17 27 7 1
72 46 2 1
88 9 8 3
51 52 1 7
36 9 3 2
69 99 5 7
85 89 7 1
72 33 8 5
40 21 4 6
83 93 7 10
55 67 1 3
8 13 6 9
82 51 7 2
72 42 8 8
34 26 3 2
4 21 10 7
61 38 8 1
17 88 8 5
9 37 6 3
24 96 8 9
30 50 7 3
51 63 3 4
34 61 10 8
67 84 7 6
6 24 1 6
22 95 8 3
27 33 10 3
40 2 2 10
88 59 1 2
60 69 3 1
9 58 6 8
86 76 9 6
83 81 5 9
81 71 7 8
75 42 3 10
85 29 9 9
53 31 9 8
73 66 5 4
100 61 6 7
38 56 5 9
63 32 4 3
53 34 10 1
19 15 4 1
50 80 4 10
83 72 8 8
91 82 2 6
14 59 8 10
20 68 6 6
84 63 5 9
49 95 9 5
27 5 10 6
54 90 8 10
43 89 5 9
24 56 5 7
75 86 5 2
80 55 10 3
16 98 9 10
67 86 8 1
4 66 2 1
29 15 2 10
21 90 2 10
7 62 8 10
62 80 1 2
85 84 3 7
1 71 4 6
16 34 8 1
29 5 5 7
94 21 7 2
99 38 1 8
74 71 10 1
11 3 7 5
76 9 2 4
56 51 4 8
71 61 1 1
94 32 2 9
36 68 5 8
62 79 3 2
65 59 4 7
1 95 7 5
43 13 10 3
20 15 1 4
26 74 7 10
99 94 6 6
64 72 3 10
7 11 2 9
97 44 7 10
5 62 7 10
12 84 5 1
33 76 5 8
93 46 4 1
50 47 1 8
72 26 5 8
55 42 6 1
61 24 6 5
36 13 3 10
63 68 3 3
62 19 6 2
12 17 6 2
43 7 8 9
28 73 6 7
19 81 2 10
98 86 5 6
51 5 2 6
80 17 4 6
36 95 3 6
95 98 9 4
21 52 3 9
14 97 2 3
46 75 1 2
86 65 7 6
62 61 10 1
36 37 8 6
18 39 6 4
65 85 7 6
8 38 1 8
26 24 2 4
90 64 2 4
44 9 2 9
12 49 5 5
82 44 2 8
77 52 2 1
27 1 10 8
54 84 6 5
47 26 5 7
92 58 10 7
88 35 9 9
47 24 6 2
18 28 9 3
10 49 10 10
33 54 4 6
38 11 9 3
25 54 4 3
64 6 1 7
54 76 8 2
65 100 5 3
94 86 4 5
49 94 5 10
93 90 10 10
13 33 4 10
48 78 4 9
14 62 1 6
61 99 4 2
56 71 4 4
68 4 1 1
3 83 9 5
93 37 4 2
58 29 1 1
67 28 8 8
59 30 10 6
40 27 5 7
95 53 10 1
11 19 10 6
66 96 10 6
61 18 8 4
42 73 5 9
65 78 3 2
53 86 4 1
53 68 4 9
2 55 6 7
56 43 5 4
69 43 7 5
51 84 3 5
96 49 6 6
2 41 5 4
71 60 2 2
45 12 5 1
82 57 10 4
50 15 4 7
49 25 5 7
98 100 8 2
47 43 4 7
63 8 5 1
86 46 4 9
41 60 6 7
77 57 2 2
54 15 6 2
91 39 3 4
20 25 6 7
44 5 2 6
33 89 10 5
99 96 8 7
23 67 10 3
66 1 3 6
55 97 10 8
13 63 4 4
13 51 9 2
23 68 10 4
70 4 9 9
83 44 5 10
32 54 8 4
100 97 5 8
92 75 5 6
80 15 5 3
47 35 6 5
72 60 10 9
28 62 1 9
14 31 4 8
14 34 5 10
70 32 9 10
64 34 10 3
42 5 2 2
52 79 4 5
33 71 9 5
28 34 5 7
27 6 1 9
64 91 7 4
41 9 7 2
35 25 8 8
54 16 4 4
33 58 3 9
99 83 9 10
80 41 3 7
100 43 6 1
36 87 6 4
9 47 4 10
99 40 3 9
59 46 8 8
55 6 6 7
58 67 5 7
81 14 1 8
82 54 4 2
51 34 5 4
21 17 3 8
37 32 10 6
35 51 4 8
45 51 4 6
19 73 10 7
27 92 3 5
93 88 3 1
45 65 5 5
77 53 7 2
71 95 5 1
57 13 8 3
15 87 6 7
64 13 8 10
48 94 7 8
67 99 6 9
63 91 2 8
81 86 4 5
53 46 6 10
82 89 1 7
20 9 9 8
10 24 10 2
42 15 10 4
84 80 6 1
42 21 10 4
34 11 1 9
87 78 8 9
58 16 10 3
62 48 7 10
21 65 9 5
28 44 6 6
7 10 5 10
45 67 10 5
39 40 3 6
2 84 4 4
49 1 3 7
78 30 7 9
84 78 7 5
43 35 8 8
42 88 10 6
85 72 6 9
34 43 2 10
11 27 5 8
57 90 9 9
78 26 6 8
81 36 4 5
49 78 6 9
43 91 10 4
43 30 10 5
91 41 2 8
21 72 5 2
3 72 5 10
78 93 5 5
84 96 7 8
24 91 5 6
62 24 8 5
48 97 9 2
31 2 8 10
11 76 5 8
18 15 1 8
14 98 3 9
69 46 3 5
72 13 5 8
35 95 3 5
58 68 8 3
8 83 3 2
52 56 4 8
35 39 2 8
22 38 2 8
71 25 2 1
20 70 3 2
8 85 1 10
100 93 8 2
7 97 8 5
21 6 1 5
76 77 3 7
46 38 4 3
41 64 8 5
55 4 2 1
95 3 3 4
13 42 10 4
45 30 9 7
50 24 6 5
39 53 8 7
90 99 9 5
12 33 9 10
76 6 7 10
22 1 6 4
57 29 1 4
94 44 1 1
39 73 9 10
89 30 3 10
35 14 3 10
40 44 8 3
86 32 1 4
74 19 6 6
23 69 2 2
84 20 1 8
28 17 10 9
49 97 4 6
87 92 6 4
14 78 5 7
52 49 6 9
82 64 10 6
28 43 6 7
69 2 2 4
17 22 7 8
85 95 10 5
46 7 7 2
58 52 10 7
63 86 5 5
99 66 4 1
90 6 10 1
40 8 9 6
71 15 5 1
56 95 6 6
56 4 8 3
41 19 6 4
74 30 2 4
5 72 5 1
54 81 9 2
80 36 9 7
43 27 4 9
90 56 5 4
36 73 1 7
73 95 3 8
65 63 4 2
19 32 10 6
76 97 10 8
12 58 8 5
97 87 2 8
15 46 9 10
43 59 10 10
14 28 9 6
67 65 5 3
74 23 7 8
55 83 5 5
21 44 7 9
57 87 3 5
84 24 9 2
93 55 1 3
26 82 7 6
68 19 3 5
75 77 6 5
87 82 9 4
38 28 10 5
38 88 5 8
36 58 8 5
74 35 4 5
39 97 9 3
39 19 10 5
45 91 10 7
34 1 5 1
17 75 3 3
12 81 2 9
13 81 5 5
76 14 6 1
86 28 7 9
44 96 9 1
18 2 3 5
39 94 9 5
58 97 7 7
56 34 9 10
3 18 4 10
44 50 2 5
93 44 3 8
90 33 1 4
45 16 4 6
68 60 5 8
35 29 7 8
71 3 5 9
68 11 5 10
57 6 3 4
13 19 5 10
90 22 5 5
25 40 1 5
53 84 10 2
6 23 4 3
5 48 9 7
4 6 3 2
38 83 1 5
28 68 4 8
79 17 8 5
98 12 3 1
45 80 9 7
52 65 10 4
96 17 5 3
44 7 1 1
74 24 4 5
28 2 7 1
26 80 1 2
60 30 2 7
29 50 1 6
5 67 9 4
54 42 5 1
43 36 6 5
72 1 10 8
34 29 6 6
39 87 4 9
39 54 10 3
95 38 3 7
7 88 2 4
31 57 5 9
83 60 7 6
49 69 7 5
6 49 10 4
49 4 3 4
2 45 3 3
24 5 6 10
30 25 1 5
74 97 4 3
81 57 4 2
65 4 10 2
95 96 3 8
66 36 6 8
42 34 1 9
90 13 3 10
3 52 1 4
51 94 5 10
66 55 7 7
31 23 5 9
8 70 8 10
62 68 9 1
96 65 7 8
67 38 5 7
64 78 10 7
100 92 9 9
78 82 4 4
99 70 2 2
26 39 10 4
98 53 8 5
18 59 5 1
59 34 3 9
66 78 1 7
26 61 5 1
33 7 8 8
37 55 8 9
43 53 4 5
64 47 7 8
17 44 9 2
39 56 4 3
67 46 1 1
41 36 10 2
44 49 4 1
95 39 4 6
20 19 7 9
68 13 6 2
7 69 9 8
31 48 4 2
41 26 10 10
96 29 6 1
45 97 1 4
61 97 1 8
4 41 7 1
1 100 1 2
41 67 4 5
31 54 10 7
100 74 7 9
57 36 9 4
24 76 8 3
80 67 10 2
97 99 4 4
34 68 1 5
69 76 4 8
64 3 6 7
4 31 6 3
34 87 4 2
9 16 5 6
36 55 4 8
39 99 9 2
86 11 4 3
37 42 7 5
92 84 2 1
44 59 7 5
53 82 9 2
91 60 9 1
25 65 8 8
97 75 8 4
82 20 1 3
47 88 8 3
79 8 5 8
77 50 1 10
84 5 5 4
28 30 1 7
53 54 8 1
6 54 7 1
17 15 1 2
26 15 7 10
33 94 6 3
6 13 10 3
43 38 2 3
79 9 3 8
69 8 9 3
49 20 9 8
88 11 3 1
74 96 9 1
58 88 7 10
59 54 10 10
50 65 1 10
58 27 8 3
29 39 9 9
74 14 10 7
48 52 4 8
43 63 1 2
47 97 2 10
40 68 3 7
45 56 10 8
22 93 3 2
80 71 1 8
73 99 3 5
26 29 5 1
9 62 10 1
92 11 3 10
18 56 4 5
1 56 8 5
69 85 1 4
54 20 2 4
52 63 10 1
60 24 6 3
99 58 6 1
94 11 5 7
20 6 6 4
48 11 6 2
10 12 2 2
93 23 2 4
17 67 8 8
60 52 10 7
84 43 4 8
30 56 4 5
45 38 5 6
39 81 3 6
78 29 8 8
24 70 9 6
63 17 8 5
52 93 9 7
11 25 8 9
76 63 1 5
1 78 2 6
52 86 5 9
19 100 4 9
26 30 2 3
48 68 5 7
80 30 6 3
75 95 1 2
19 63 4 8
38 16 10 6
28 77 8 4
58 74 3 5
94 57 5 10
56 59 10 8
23 25 6 3
85 58 6 7
76 60 3 6
50 35 10 2
63 22 2 5
66 92 8 4
81 9 9 1
54 36 8 5
78 68 2 3
57 89 9 1
2 19 1 2
62 57 9 4
16 51 1 8
6 50 3 3
4 1 4 4
76 65 9 10
100 50 10 2
61 47 7 2
4 24 6 6
97 66 7 6
93 85 4 8
41 44 7 9
68 26 6 2
46 2 9 6
89 45 4 8
84 89 8 4
17 52 3 7
18 84 7 1
32 35 3 6
20 65 5 8
80 4 1 4
50 85 9 1
45 27 5 1
93 50 2 6
12 31 4 10
6 92 3 5
43 94 8 5
50
30
60
18
73
32
94
27
66
97
6
99
43
7
88
17
1
67
5
8
89
26
82
95
61
10
58
70
69
25
85
15
22
80
33
62
100
83
53
28
3
14
12
21
54
92
49
52
55
19
63
10
SIMULASI 97 6 88 56 9 70 85 24 54 27 41 23 15 7 86 60 91 22 66 44 5 92 49 75 94 83 51 69 100 80 95 61 57 2 52 65 96 89 37 42 78 40 68 74 62 11 97 30 18 55 21 50 35 64 58 71 48 53 14 3 73 36 39 19 72 29 10 38 81 67 90 47 87 43 77 31 4 46 16 84 76 45 59 99 20 12 32 33 26 34 13 79 98 25 1 93 8 63 
KABUR 78 93
SIMULASI 6 51 72 2 54 41 48 
SUPER 41 30 45
KABUR 27 17
SIMULASI 96 2 10 13 69 54 74 100 90 27 39 89 56 45 70 36 48 68 20 82 98 67 65 46 17 44 81 33 49 86 78 72 6 84 91 66 34 63 53 38 57 23 8 3 30 9 93 87 73 51 43 52 37 77 25 61 7 47 31 32 80 11 76 4 83 95 12 19 62 58 71 40 29 75 88 94 5 35 14 24 79 85 60 15 21 42 64 99 16 50 18 22 59 28 41 97 26 
KABUR 44 94
SIMULASI 24 38 9 13 24 1 100 54 30 63 95 43 48 72 83 82 75 99 94 52 15 25 70 46 16 
SIMULASI 86 60 2 84 27 8 26 30 16 63 33 78 89 94 4 41 9 35 64 59 3 66 11 1 69 13 95 85 82 17 5 32 28 18 45 80 37 36 39 22 48 68 86 87 43 70 40 10 6 19 96 51 62 29 21 20 56 72 15 38 57 14 61 75 54 81 93 12 83 31 53 55 7 58 46 91 23 49 90 88 65 79 52 50 71 74 47 
SIMULASI 78 44 35 16 66 49 29 95 88 19 57 94 79 52 72 38 100 58 99 61 26 86 4 13 25 17 90 36 42 27 78 69 34 65 59 3 60 97 20 6 84 37 2 81 50 22 18 53 1 28 68 62 98 74 63 80 9 33 77 82 45 48 14 87 5 8 15 39 83 31 93 75 43 12 23 54 46 51 70 
