100 2000
2 1 9 6
3 2 1 2
4 3 9 9
5 1 4 1
6 2 8 4
7 4 6 2
8 6 9 3
9 1 8 7
10 6 4 7
11 7 4 2
12 2 7 8
13 1 6 9
14 5 6 10
15 10 3 8
16 14 9 7
17 11 8 7
18 11 5 3
19 6 1 9
20 13 6 3
21 19 5 6
22 17 2 3
23 4 10 2
24 11 5 10
25 9 8 7
26 12 6 5
27 5 3 3
28 8 5 4
29 28 4 6
30 25 10 8
31 22 10 3
32 25 1 1
33 27 6 8
34 19 10 4
35 8 6 3
36 22 3 1
37 16 1 8
38 34 9 9
39 25 7 1
40 35 8 1
41 15 7 6
42 39 1 2
43 12 10 2
44 23 3 10
45 9 1 8
46 36 3 6
47 9 10 9
48 12 9 8
49 36 3 4
50 7 8 10
51 24 4 8
52 23 2 3
53 16 1 5
54 25 5 1
55 28 4 1
56 52 4 9
57 10 1 9
58 15 10 5
59 50 8 10
60 23 9 1
61 34 10 5
62 1 10 7
63 42 7 5
64 55 7 7
65 14 9 3
66 32 3 3
67 9 2 6
68 41 1 4
69 3 9 1
70 25 4 6
71 31 7 4
72 61 4 3
73 50 9 4
74 16 6 7
75 70 1 10
76 14 7 8
77 54 3 7
78 20 7 10
79 74 3 10
80 10 1 2
81 34 1 2
82 34 4 4
83 70 7 3
84 62 5 3
85 18 10 7
86 52 10 6
87 43 10 9
88 46 6 1
89 31 3 5
90 75 8 2
91 86 8 6
92 12 8 5
93 50 9 6
94 77 8 8
95 14 9 4
96 63 6 9
97 71 10 10
98 41 5 2
99 43 3 2
100 35 8 2
76 97 6 5
61 51 1 7
35 86 2 8
6 68 6 10
23 98 10 4
62 53 7 8
41 28 1 5
55 33 3 2
89 15 1 6
23 99 4 1
76 90 7 5
56 34 1 2
56 64 6 2
19 99 9 1
69 55 6 2
67 15 9 1
97 96 4 1
100 27 5 7
20 71 3 7
15 44 3 8
47 62 3 7
56 12 5 6
60 77 3 4
50 94 6 3
27 42 2 2
40 41 5 10
14 25 7 1
45 92 5 6
50 80 8 4
40 86 6 2
34 40 3 3
46 67 9 8
18 69 1 4
24 49 7 6
2 63 7 4
75 74 2 5
54 50 3 3
76 26 4 6
2 51 2 6
68 98 6 1
60 10 10 2
85 96 10 9
44 49 6 2
19 80 3 4
33 29 10 7
83 19 10 5
24 47 9 2
63 83 2 2
24 77 10 8
86 56 4 4
90 23 5 2
76 92 10 3
35 64 8 1
37 12 1 1
88 48 9 5
11 98 1 4
98 8 7 3
21 99 9 5
1 72 10 3
40 31 4 7
26 46 4 4
43 92 3 1
11 16 1 6
60 24 1 10
84 80 8 4
15 7 3 6
23 50 6 3
33 47 2 4
31 3 1 2
5 85 6 2
47 93 6 9
66 69 9 2
31 56 5 10
34 66 8 9
72 49 8 1
85 95 8 7
83 94 8 8
38 78 8 4
74 98 7 2
16 52 3 9
32 69 10 8
92 22 5 2
88 53 6 10
65 73 9 2
66 9 5 3
42 85 7 10
36 81 7 5
33 64 9 3
93 35 7 2
38 51 5 8
36 11 8 8
31 35 7 8
49 10 4 1
89 81 10 2
61 62 2 3
1 42 1 9
9 43 4 4
43 22 10 9
11 42 10 2
25 87 6 1
93 54 6 10
37 84 9 1
87 86 6 2
41 2 9 2
19 69 4 7
56 16 8 7
85 63 7 6
81 73 2 9
8 14 5 4
27 57 8 9
21 54 4 3
5 97 6 9
22 21 5 1
38 10 5 2
74 67 7 3
80 33 8 2
43 69 5 10
44 98 3 3
73 5 6 2
41 77 4 10
49 50 7 3
75 78 1 9
14 75 6 2
71 10 10 7
71 30 3 9
30 27 5 8
42 48 3 3
74 17 5 2
51 74 7 1
19 98 8 5
85 68 3 8
62 18 5 8
99 88 8 5
84 86 3 10
41 34 1 4
17 77 7 7
3 50 9 6
45 48 6 7
67 13 2 2
71 80 4 5
20 54 6 7
92 81 4 6
82 35 4 6
4 30 5 3
80 69 9 2
16 54 10 6
33 40 2 6
60 9 7 10
57 31 3 3
97 47 6 10
25 79 8 9
43 41 7 2
43 24 9 10
68 8 1 9
17 64 5 1
80 90 9 6
33 71 6 3
39 72 1 5
28 1 2 3
7 70 8 9
8 77 5 1
65 3 5 4
45 90 7 7
86 92 9 8
32 23 3 6
96 47 2 4
50 11 7 9
91 32 3 10
67 76 6 7
60 64 6 9
9 15 4 3
88 85 9 1
61 53 9 8
41 59 10 6
95 98 4 1
38 83 1 6
2 65 10 5
34 95 9 9
80 37 5 7
41 3 8 9
5 4 1 5
92 56 5 4
100 95 1 10
5 84 1 9
19 30 9 2
40 87 3 4
51 8 6 3
5 38 2 8
84 44 5 8
51 91 8 5
72 4 6 8
67 58 2 2
56 93 4 4
40 76 4 7
32 80 7 1
24 93 2 5
100 64 5 8
31 96 1 5
100 19 1 8
26 14 4 10
87 8 3 2
99 24 6 9
10 59 7 8
34 80 1 6
55 31 4 3
52 35 4 8
65 24 3 6
83 89 3 1
26 39 2 1
76 8 9 1
19 84 10 6
18 60 1 1
21 90 4 10
1 83 5 6
48 23 8 8
6 62 3 10
54 71 9 2
79 27 10 1
91 25 10 5
2 11 4 2
5 61 10 9
12 73 6 7
63 7 2 4
61 92 8 6
7 30 5 7
35 89 6 8
53 93 3 3
84 83 3 8
21 84 3 5
45 38 3 8
37 55 9 5
26 38 7 1
92 80 10 7
4 68 1 3
15 69 1 6
80 57 1 6
66 28 9 2
33 86 1 1
29 50 3 10
6 17 6 9
70 48 2 10
65 74 1 6
48 60 3 4
83 16 2 8
71 34 6 8
68 42 4 8
24 20 5 1
51 46 10 4
92 49 3 1
86 53 5 1
25 5 1 1
38 6 2 3
47 31 5 3
42 43 3 9
18 28 8 6
90 3 8 2
84 82 8 7
39 38 6 9
5 39 8 6
5 35 1 4
43 35 3 3
47 94 7 7
18 64 10 1
9 93 8 5
43 39 1 8
4 55 2 5
84 72 8 9
76 62 8 6
42 29 9 9
16 91 7 4
61 22 3 7
19 12 3 3
34 65 1 9
84 96 10 8
39 94 4 10
50 66 1 2
76 75 3 9
4 18 4 6
3 57 9 8
85 48 9 4
48 55 7 1
22 87 8 7
61 31 5 8
59 98 9 2
31 11 3 3
24 5 4 1
18 46 9 4
78 25 1 9
14 67 4 9
4 53 4 4
91 36 4 3
46 35 2 7
21 70 10 9
73 91 5 8
62 59 8 10
74 97 7 6
56 90 5 10
64 5 8 4
59 15 1 8
35 4 6 9
57 21 6 8
69 58 7 5
30 9 6 8
53 55 2 1
26 28 10 1
49 28 6 3
62 97 7 6
37 32 7 1
82 72 7 2
7 9 9 7
93 21 3 8
11 86 2 9
70 10 6 1
43 66 1 5
10 92 4 2
7 94 6 2
22 46 7 3
67 71 7 1
41 76 4 7
47 54 7 3
3 92 7 10
63 1 10 3
47 61 4 1
69 9 10 5
43 62 9 4
1 46 1 9
56 43 3 2
12 69 5 5
84 49 6 10
4 64 8 4
54 72 2 10
13 60 5 4
20 10 2 4
82 94 8 5
35 77 6 9
9 95 1 2
25 81 5 6
35 45 1 8
71 98 6 1
70 27 1 2
52 95 5 3
57 47 8 2
19 42 2 5
29 27 1 2
33 26 3 3
62 3 6 5
74 52 3 3
65 62 3 9
43 50 10 2
90 85 4 7
73 90 10 10
87 14 9 9
66 22 1 8
53 56 1 10
45 22 9 4
76 98 1 3
1 80 6 5
22 19 10 3
86 4 8 10
11 5 1 3
98 35 5 4
94 80 3 2
76 78 10 4
18 19 1 10
67 11 7 6
48 7 8 9
63 80 4 5
51 42 1 7
12 85 1 4
23 9 6 1
59 100 3 5
99 35 4 6
49 14 7 7
25 3 2 5
96 59 7 8
98 97 2 4
20 72 4 4
24 58 10 7
91 13 4 8
72 10 7 7
4 78 2 6
98 15 1 4
16 68 10 9
10 13 7 2
93 43 10 4
47 78 5 5
93 18 2 10
23 91 8 6
47 76 3 3
56 37 6 3
95 82 8 5
36 31 1 7
54 32 8 8
43 97 9 9
40 20 7 9
94 31 2 10
79 60 1 9
46 47 9 4
72 38 1 6
5 55 7 5
41 72 4 3
58 84 2 3
19 63 2 3
55 39 1 1
31 74 8 7
83 81 7 1
21 66 8 4
88 27 1 8
90 37 2 3
47 63 4 5
56 33 4 7
30 95 3 2
96 58 4 5
72 69 4 7
18 66 5 4
31 98 9 1
18 80 6 4
55 30 2 1
24 86 8 10
72 36 1 2
25 76 1 3
18 9 3 1
26 70 2 7
22 7 10 7
16 22 6 6
51 13 9 8
95 73 1 2
73 26 1 2
16 3 6 5
24 39 1 6
13 19 10 5
80 13 8 5
89 47 4 2
74 27 3 3
3 1 9 3
35 16 9 10
3 100 5 10
75 29 7 7
94 25 10 2
85 9 7 7
75 7 1 6
59 65 7 10
76 37 7 8
36 23 2 5
86 19 4 4
21 40 7 7
50 90 10 6
64 13 2 1
38 89 5 2
17 90 6 2
41 95 10 4
61 82 1 2
25 20 2 9
78 43 2 10
14 24 1 9
75 15 4 4
4 22 4 6
88 13 8 1
57 48 4 8
30 48 10 5
28 83 3 10
83 30 4 8
86 28 8 8
18 58 3 5
24 26 3 7
30 22 1 7
94 73 6 6
56 23 7 8
5 71 1 7
21 15 7 7
95 35 2 6
81 38 7 3
67 22 6 4
39 45 7 2
7 84 2 5
26 45 2 10
74 35 3 8
85 8 2 5
59 68 1 10
45 3 10 10
46 25 2 4
1 78 3 6
99 52 1 3
73 23 3 8
39 16 6 6
82 70 5 8
57 38 8 2
64 14 1 10
91 99 10 9
88 87 8 9
7 82 8 9
44 56 7 5
57 73 1 1
69 95 6 5
18 24 7 6
84 22 8 6
95 81 10 8
21 44 1 7
46 68 4 5
62 98 2 3
19 74 9 8
36 47 7 5
51 20 8 2
84 71 9 3
27 12 1 1
34 22 10 6
36 62 2 10
12 90 9 1
40 7 1 5
54 64 2 1
67 41 8 1
99 85 6 7
30 44 7 4
22 57 8 4
55 58 1 8
97 82 4 10
80 98 2 1
74 3 1 7
59 67 10 2
29 19 2 6
21 5 5 7
53 50 7 6
78 57 1 10
84 25 4 6
28 23 7 6
10 35 5 5
91 44 8 9
43 53 5 6
67 4 8 5
19 92 3 6
56 98 3 10
86 48 5 9
31 75 1 8
42 17 2 5
16 71 9 6
74 36 3 4
53 85 8 6
17 7 2 4
11 12 4 1
75 54 6 7
47 10 5 5
82 30 1 3
61 97 9 9
31 78 5 7
31 43 4 7
81 15 1 6
92 97 4 8
54 10 7 7
14 69 7 9
12 30 5 4
91 8 10 9
72 23 9 5
64 28 9 7
94 90 2 6
51 72 1 8
56 62 8 2
20 98 1 5
31 90 3 2
36 73 4 9
74 83 5 6
18 51 9 6
69 22 4 1
3 73 4 5
97 22 9 7
11 15 6 3
31 14 5 7
72 92 3 5
40 70 6 4
39 27 6 8
61 52 6 6
80 66 6 9
48 72 2 8
74 38 7 5
25 71 2 1
43 16 6 7
1 99 4 2
67 24 5 6
42 72 5 5
61 12 7 7
83 82 2 5
92 58 1 7
86 64 7 6
96 4 2 8
94 35 3 7
89 59 3 6
63 16 9 9
68 99 7 9
40 29 10 9
76 68 9 10
98 16 7 9
65 29 10 1
83 67 4 3
53 98 8 9
24 1 8 7
28 73 7 10
83 88 6 1
32 67 1 4
59 40 5 2
77 30 4 5
20 97 7 8
91 55 9 2
76 50 4 5
11 43 4 4
77 37 3 10
3 84 5 5
84 95 7 10
78 26 1 8
10 1 9 7
99 42 7 9
13 97 5 9
4 43 7 8
61 94 4 2
83 48 10 10
83 37 4 4
74 84 2 1
49 73 2 7
9 10 1 2
95 37 6 9
81 51 1 8
73 71 9 2
49 47 10 1
33 53 8 3
6 41 5 5
85 17 9 8
30 16 1 4
53 15 7 2
35 13 4 1
45 31 8 6
23 59 7 9
82 2 4 2
7 29 10 5
86 68 4 6
91 78 7 1
18 36 9 7
33 75 9 3
10 25 4 4
91 19 10 10
27 48 9 8
13 100 4 3
72 5 1 10
39 13 1 5
3 54 1 3
47 6 2 8
61 25 7 9
51 87 1 6
77 56 3 2
48 20 10 10
1 98 6 8
80 55 7 3
65 41 8 5
15 88 3 10
48 68 8 7
67 57 1 8
94 96 6 4
11 8 5 6
100 42 1 7
51 19 3 9
55 51 3 8
43 77 7 5
39 53 3 1
55 57 6 10
64 6 1 9
51 100 3 8
95 22 1 6
67 23 10 10
70 88 5 8
89 73 10 2
11 78 3 5
82 68 3 5
93 11 6 1
45 15 3 1
67 48 8 8
36 86 10 8
91 31 4 2
43 71 6 4
84 76 10 4
40 13 9 10
88 81 4 1
62 64 7 10
60 1 1 7
100 26 7 2
37 22 7 4
26 10 4 5
29 14 9 4
50 88 4 8
16 66 2 5
76 58 3 10
46 41 6 8
32 13 2 10
69 67 7 10
47 3 8 2
53 90 4 1
10 63 7 7
88 3 9 4
86 95 1 5
18 38 3 7
51 45 9 1
25 93 7 4
28 12 4 4
69 93 7 2
73 15 8 8
15 6 6 9
74 69 3 8
1 29 1 3
54 61 3 9
8 64 6 1
24 75 8 3
39 36 6 3
100 73 5 2
90 42 7 2
11 84 9 10
79 40 9 4
11 13 1 8
65 47 7 9
81 43 6 10
23 5 2 6
48 69 7 4
20 41 8 9
69 94 10 7
75 71 2 9
43 65 8 1
21 13 4 7
53 5 7 7
4 39 5 1
46 37 2 9
13 82 1 5
2 22 1 1
79 72 10 7
8 27 8 5
86 65 4 3
66 6 1 4
18 89 1 10
16 65 8 6
29 96 10 9
91 26 6 4
19 73 9 9
53 84 9 9
81 21 4 9
21 30 7 7
49 91 9 3
10 8 7 5
87 6 9 7
52 14 8 5
96 35 6 2
89 77 10 2
98 86 1 4
73 44 8 9
7 25 1 4
28 76 8 4
49 58 10 2
38 44 1 6
43 55 9 1
59 21 8 9
82 9 1 10
34 51 9 5
17 98 3 1
95 42 10 1
41 39 5 7
55 8 3 10
35 85 3 3
52 54 10 2
4 54 8 3
11 80 3 9
49 1 6 1
87 76 8 4
28 79 2 8
71 15 7 7
44 96 4 10
14 32 7 1
99 87 1 10
53 9 8 6
47 7 9 4
19 62 7 2
14 86 9 1
32 16 2 6
75 63 3 9
78 79 6 7
27 95 9 10
54 39 8 5
25 11 5 5
8 61 6 7
39 15 3 1
25 23 8 5
46 78 6 2
85 6 10 5
85 93 3 7
37 24 1 3
20 12 6 3
82 24 2 8
49 3 7 10
86 97 6 10
71 60 10 5
26 92 5 10
91 64 5 10
47 84 1 2
54 12 2 9
45 11 2 6
76 65 6 1
65 88 10 1
35 63 7 5
79 47 2 10
54 86 6 2
71 22 2 3
24 88 5 4
59 85 5 5
79 83 5 1
51 82 5 7
20 94 5 1
92 46 1 6
64 96 2 2
15 99 3 10
68 56 4 10
57 56 7 9
81 45 10 2
10 24 5 2
56 69 3 8
75 87 10 9
77 16 8 9
49 80 3 7
96 21 7 6
86 17 1 7
84 63 5 4
33 19 8 10
64 53 3 2
44 14 4 3
71 52 1 4
8 17 10 4
28 89 3 8
25 97 3 1
27 24 8 6
35 57 2 9
57 5 4 3
16 7 3 9
85 38 1 9
55 74 4 5
41 47 10 6
34 5 4 3
68 74 10 5
72 45 7 6
20 23 7 7
17 32 7 2
82 62 5 2
58 25 7 6
52 69 8 8
73 98 3 9
70 33 4 8
46 73 9 7
87 18 5 9
93 97 5 3
88 66 10 10
71 7 1 6
57 11 2 2
39 30 1 5
47 19 2 4
1 51 9 9
17 96 4 7
20 19 4 5
37 39 4 2
64 27 10 4
15 97 3 4
87 47 10 10
95 47 3 2
9 75 6 10
49 15 2 4
14 74 7 3
10 36 3 1
64 73 9 2
55 46 9 10
51 9 1 6
59 30 4 6
44 3 7 9
82 66 7 8
67 49 10 4
23 81 8 4
43 68 6 2
2 32 3 5
55 17 2 4
45 50 8 3
69 73 1 7
31 62 7 8
61 84 10 10
34 60 9 5
6 14 6 7
66 91 4 6
63 100 10 10
52 4 5 4
69 21 5 9
74 82 9 2
24 38 4 2
22 33 6 8
82 18 7 7
4 20 4 3
83 65 1 7
83 44 6 8
92 98 6 10
63 32 2 2
57 90 8 9
65 33 4 8
63 94 3 6
99 86 1 6
99 69 6 10
22 13 7 6
94 91 7 8
54 70 2 3
39 98 9 7
93 78 10 2
78 22 9 7
84 94 7 6
78 73 7 5
48 22 3 1
83 2 7 7
50 35 10 8
92 90 2 9
27 2 3 4
14 59 1 2
67 21 10 10
5 43 9 3
71 59 8 2
67 19 2 5
15 14 8 10
82 69 8 3
17 100 5 6
64 63 7 8
16 69 7 2
86 10 8 2
5 7 7 10
92 96 9 6
11 32 9 6
67 79 8 9
36 5 8 10
7 57 7 10
93 88 10 4
74 39 9 1
23 97 4 4
19 97 6 2
42 36 1 3
62 13 10 3
9 73 1 2
34 55 6 2
63 79 7 10
95 75 2 5
99 95 1 5
86 81 7 8
3 12 4 7
95 88 9 3
11 56 7 7
85 94 9 8
96 34 6 1
94 81 5 6
14 96 10 10
60 6 2 7
100 78 7 6
39 8 7 7
30 26 5 3
84 59 2 8
18 54 3 3
35 72 5 10
55 19 3 9
76 85 4 1
81 35 9 6
47 23 2 10
79 45 7 1
32 82 6 9
34 70 6 9
27 16 9 10
93 5 8 8
99 44 6 8
19 45 5 9
85 36 5 2
66 2 4 6
100 49 7 9
82 71 5 10
67 17 3 3
4 25 5 1
66 52 10 6
10 93 3 7
62 12 10 7
59 8 2 7
40 24 3 7
94 97 3 4
65 55 7 9
19 17 5 5
73 27 6 4
23 13 1 8
39 95 1 5
62 23 10 9
3 53 2 10
100 71 8 3
45 7 9 3
55 15 1 6
62 100 8 2
47 64 1 9
41 13 1 10
79 75 6 2
45 70 9 1
1 97 9 9
83 56 8 4
25 13 6 4
85 30 7 2
93 59 7 1
30 78 7 9
1 12 8 6
91 39 1 6
85 69 10 5
75 20 8 3
99 92 7 5
80 96 1 7
93 45 7 10
16 58 1 8
63 74 7 10
66 37 5 8
63 87 10 6
4 32 4 10
57 98 4 8
29 46 10 4
33 48 4 3
93 15 9 10
33 50 10 1
68 67 5 8
29 30 2 6
38 73 10 1
23 37 2 1
76 9 4 7
2 92 2 5
90 47 2 6
73 83 8 2
37 35 9 7
54 88 6 7
11 87 10 5
28 2 4 5
8 42 2 2
55 7 9 4
77 62 6 7
16 25 7 7
78 85 6 4
50 4 6 1
60 63 6 5
16 45 7 8
42 35 1 5
44 50 8 3
100 9 7 10
7 21 10 10
62 55 9 9
64 57 6 8
4 2 9 1
81 32 9 8
57 63 9 5
6 26 6 2
98 27 6 3
31 72 5 7
22 85 8 4
84 40 2 8
44 58 5 9
39 93 9 8
94 27 3 9
27 72 9 8
30 33 5 3
72 99 8 3
37 52 9 8
46 91 8 3
75 39 1 9
39 32 9 1
75 26 5 1
71 64 2 5
96 28 10 5
6 48 4 2
66 72 2 6
29 15 1 9
63 58 2 2
74 76 3 9
88 57 1 9
61 35 1 1
5 41 5 1
52 46 1 9
33 20 5 3
77 88 2 5
17 60 1 3
41 58 5 2
58 83 3 10
77 36 9 4
10 64 4 1
85 61 9 5
25 98 10 1
20 100 7 4
55 82 1 9
32 79 4 1
23 92 1 3
13 74 9 4
58 45 10 9
50 48 1 4
67 62 5 5
5 76 5 7
1 21 6 8
7 89 6 6
15 74 10 6
88 98 10 10
45 78 10 8
70 49 4 6
89 51 8 5
26 50 8 1
21 73 4 5
80 72 6 8
63 73 7 6
18 70 8 6
14 88 10 7
95 78 5 4
50 65 1 4
73 22 5 6
49 64 5 5
18 98 10 10
82 49 9 6
21 12 3 1
78 40 6 6
85 98 9 5
40 37 2 9
73 86 3 3
51 80 5 7
5 31 3 8
49 6 1 5
81 82 5 8
66 85 3 7
30 68 7 1
48 9 1 1
61 75 9 7
37 99 1 6
69 24 6 1
70 51 5 9
76 72 8 7
60 98 2 1
26 89 1 1
77 15 3 2
44 65 8 4
60 88 3 4
49 40 3 2
41 100 5 10
19 78 8 1
83 99 3 10
99 89 7 5
22 53 2 6
86 90 3 10
30 60 8 3
60 50 3 1
13 27 1 5
93 73 6 5
63 44 3 2
16 8 4 7
84 91 10 8
88 40 8 6
52 75 1 7
70 29 6 4
18 47 3 3
5 33 4 8
77 10 5 9
56 95 5 3
97 26 2 2
50 15 10 6
35 3 3 6
90 64 4 3
41 35 10 7
59 13 10 9
99 67 3 7
23 54 10 4
9 57 8 1
82 28 9 10
80 60 10 1
85 55 8 6
85 49 4 6
31 99 3 10
22 6 6 7
79 43 4 8
3 39 7 6
40 82 2 7
69 11 4 2
52 82 6 1
9 52 2 1
95 90 6 4
69 30 8 6
8 31 8 1
14 38 5 5
60 16 3 6
83 25 9 8
10 94 3 8
39 60 4 5
39 70 9 3
12 40 8 7
83 15 2 7
20 42 8 6
3 78 2 3
82 45 2 4
88 19 10 6
87 80 2 3
79 55 9 5
90 13 8 1
90 25 4 3
100 84 5 7
92 20 3 10
62 93 7 5
70 92 3 8
79 88 5 7
69 37 8 5
6 32 10 9
29 36 2 10
2 21 9 1
32 60 4 3
16 34 9 3
56 30 10 8
95 40 2 8
6 91 4 4
62 28 7 9
33 82 5 4
87 72 6 10
53 8 5 6
42 57 5 7
9 29 8 5
93 2 7 6
96 27 1 9
90 26 3 8
57 92 10 10
58 98 2 8
41 74 3 10
74 43 2 5
19 65 5 5
47 27 4 2
53 99 1 4
43 44 10 4
91 76 7 6
7 2 7 4
22 91 2 4
69 78 6 1
70 11 4 2
32 8 10 2
82 63 4 9
5 83 5 4
99 34 5 6
54 22 8 1
74 94 10 8
20 85 5 7
23 2 1 1
43 37 7 4
94 56 1 3
47 8 8 10
28 100 1 5
88 32 2 6
94 19 3 4
48 97 9 10
40 67 3 2
50 72 2 8
29 85 1 10
61 2 4 10
49 21 6 9
18 16 2 8
6 29 1 9
32 71 1 10
54 81 4 3
11 55 8 1
31 46 6 1
88 23 1 7
61 1 1 4
32 45 7 6
88 49 9 3
63 21 7 7
4 74 8 10
23 58 4 9
23 22 10 4
82 5 9 5
52 28 8 6
46 8 7 4
95 5 8 6
95 97 7 8
81 63 4 2
41 73 2 5
56 66 8 10
72 65 3 5
21 83 8 3
40 64 10 6
12 38 2 6
65 96 7 10
77 27 7 5
76 73 9 1
7 56 10 3
47 16 1 4
69 17 4 9
50 83 7 6
43 34 1 7
44 92 2 5
47 85 2 9
100 93 6 2
38 70 8 3
21 53 9 10
33 68 10 1
60 7 2 2
29 38 8 5
1 54 7 10
97 27 4 4
42 9 1 4
24 32 2 6
31 6 9 3
33 77 10 10
75 62 4 4
19 3 2 6
41 61 3 4
80 14 4 8
32 75 3 10
97 40 1 2
18 97 1 1
32 95 8 3
40 16 4 8
77 48 2 4
74 54 2 10
37 79 9 6
57 89 3 7
45 33 4 7
3 98 6 6
18 15 3 3
37 21 6 2
58 94 10 2
97 7 6 10
79 92 7 6
37 4 6 6
9 19 9 6
79 8 10 4
91 7 7 1
93 38 3 7
51 40 10 1
98 45 4 4
49 56 7 4
32 62 7 7
79 96 2 9
64 20 7 6
65 21 1 2
18 73 5 7
84 34 8 4
79 31 9 6
78 71 5 8
88 61 5 5
20 56 10 5
94 1 2 7
4 26 1 2
90 49 1 8
93 16 1 10
17 23 8 10
25 55 2 5
6 33 3 9
46 81 5 5
83 61 5 2
23 51 6 8
89 22 6 8
73 48 4 4
13 58 6 8
42 70 6 7
45 6 4 5
55 38 10 8
87 78 7 5
65 89 10 1
84 69 10 2
57 83 5 3
48 58 3 9
28 70 4 2
75 37 3 7
4 45 8 8
100 76 2 9
49 45 8 1
94 62 7 7
43 59 6 4
91 50 10 10
29 69 7 4
75 19 4 10
44 85 4 10
49 95 10 3
28 34 10 4
85 100 10 3
89 52 2 5
39 7 10 1
59 35 2 6
21 100 4 7
35 9 1 9
79 100 9 1
67 45 1 6
8 12 3 9
26 84 8 5
65 37 1 8
98 63 5 9
1 25 6 4
4 84 2 3
94 32 6 2
56 14 6 9
58 19 4 3
18 25 10 6
13 43 8 9
76 6 6 8
86 5 5 10
4 66 10 3
49 38 3 9
9 77 5 5
35 18 9 7
90 98 6 2
24 53 3 4
92 36 6 3
35 55 6 4
38 19 5 1
84 99 6 7
8 1 9 1
95 71 10 3
2 52 4 9
14 91 9 4
46 12 3 7
82 42 2 7
86 57 2 3
22 9 10 4
9 90 1 1
33 79 8 9
70 3 3 3
84 90 4 1
100 61 10 10
51 30 2 1
57 49 6 1
4 46 5 5
70 12 1 3
91 43 2 5
52 79 6 8
87 34 7 8
32 31 2 8
96 46 5 1
31 93 7 1
15 52 2 8
18 86 9 4
33 9 9 10
12 45 4 6
89 95 10 8
64 9 1 4
28 43 8 3
35 32 1 10
62 4 6 9
66 33 8 3
78 94 1 2
31 76 6 6
16 61 7 6
18 12 8 2
33 74 9 2
62 51 10 8
64 44 4 9
90 87 7 8
82 23 9 4
28 71 5 3
97 2 2 8
12 66 7 2
89 30 5 3
29 67 2 1
52 11 9 9
8 88 3 4
17 91 10 4
27 45 4 6
71 13 4 1
97 31 10 8
23 70 4 10
20 77 8 6
23 12 5 3
5 37 5 2
37 100 2 9
63 33 6 3
26 93 10 2
89 100 8 10
97 77 10 2
26 36 1 8
17 26 8 2
96 23 4 10
67 73 10 8
18 55 3 10
16 28 5 4
72 56 7 2
100 4 2 3
59 11 10 3
71 99 10 10
2 76 5 5
39 97 4 5
47 58 5 6
14 36 8 6
93 33 9 5
71 4 2 4
48 35 9 10
25 24 4 10
53 92 7 8
55 16 6 10
18 40 3 10
79 94 7 7
61 64 8 9
22 40 9 10
46 71 8 9
24 42 9 10
14 79 8 1
5 52 2 10
69 79 8 10
52 41 4 7
10 34 2 3
71 2 9 6
25 92 9 3
15 36 2 2
78 14 10 3
80 8 5 7
40 28 6 8
67 60 5 6
10 21 9 3
1 4 4 8
65 36 2 7
75 86 6 1
20 39 4 8
53 29 5 10
25 56 9 3
48 52 7 4
2 40 3 2
37 45 10 8
28 59 5 4
79 73 8 5
50 70 7 10
18 5 10 10
47 69 5 10
44 100 3 8
27 17 7 4
33 89 5 5
79 57 1 1
78 35 5 6
49 18 3 2
93 23 8 3
14 62 1 3
88 41 5 9
68 72 9 9
63 65 5 3
78 82 1 8
91 47 7 1
42 49 7 9
50 87 1 9
52 98 6 4
58 72 5 5
37 64 4 5
16 89 4 4
30 10 10 2
2 55 2 1
3 46 1 4
57 93 3 5
59 46 9 7
55 54 4 2
40 44 9 9
1 79 3 4
38 65 7 4
37 60 9 8
78 29 7 4
90 6 2 4
49 4 7 2
22 77 9 5
99 77 7 4
88 44 5 4
15 42 3 2
7 27 3 6
77 50 10 4
59 37 7 3
58 12 10 8
38 23 4 7
73 51 9 9
62 54 2 10
33 3 4 6
19 25 10 7
52 22 10 4
97 72 5 7
77 44 6 3
64 94 1 6
75 13 3 4
61 28 6 7
90 2 3 8
81 65 5 7
59 38 7 9
57 46 7 6
45 74 2 8
60 58 1 2
4 90 5 10
32 83 6 3
89 70 8 3
27 65 4 10
70 43 10 3
33 97 7 3
52 21 2 4
54 53 10 10
72 64 8 7
38 32 1 4
4 85 9 2
73 84 3 5
38 21 3 7
62 10 8 7
31 18 10 4
76 4 9 7
88 91 5 2
57 2 8 4
70 24 5 5
40 65 2 4
11 6 10 2
1 86 6 1
44 13 6 1
41 97 8 6
91 21 5 6
4 70 1 6
33 69 10 6
23 34 10 4
30 53 2 2
17 13 7 5
47 66 1 9
37 18 6 2
14 22 4 4
40 62 10 7
18 76 5 6
90 67 6 6
86 62 9 9
41 19 3 8
61 19 9 10
12 24 8 6
57 24 10 1
61 18 3 10
87 100 1 2
2 46 1 8
39 66 4 3
31 95 6 9
39 29 6 2
30 43 5 3
91 18 5 7
49 87 5 4
78 77 2 8
93 41 5 9
100 74 6 2
64 2 9 9
60 47 5 2
67 97 1 6
88 75 4 1
77 39 9 5
37 36 9 10
94 48 3 7
42 54 8 10
2 17 8 1
71 12 6 3
49 11 3 6
69 59 7 1
99 65 10 4
26 99 5 6
7 51 4 2
86 61 3 3
9 86 1 2
15 20 1 5
82 47 5 10
68 22 4 5
70 19 3 10
28 37 3 6
75 49 8 5
84 9 4 7
65 17 1 8
15 64 4 5
62 79 10 5
24 30 9 7
25 48 3 9
65 5 5 1
62 66 4 1
35 33 1 5
6 78 8 3
90 20 8 3
77 98 4 6
68 77 9 4
82 3 2 7
21 46 10 10
53 83 5 10
90 78 4 1
5 78 9 5
33 28 5 8
87 13 1 5
73 20 3 4
69 4 8 5
73 61 5 6
97 52 9 9
50 9 1 6
26 74 9 10
74 78 5 5
44 22 9 3
48 36 3 4
38 37 7 7
50 22 4 1
58 77 10 4
8 37 10 8
74 73 10 8
95 8 8 4
98 51 5 7
15 82 4 2
99 8 9 9
89 85 5 10
50 99 9 1
18 53 2 6
28 81 2 9
94 26 5 2
98 67 7 8
89 78 2 7
35 70 6 2
41 99 4 1
77 23 3 5
95 54 7 2
44 24 7 9
48 18 10 7
77 29 1 3
26 61 8 8
13 24 5 5
86 16 2 9
28 92 2 3
97 60 9 5
92 40 3 4
47 26 10 2
79 10 3 3
29 88 3 7
29 100 4 7
12 64 1 10
48 81 10 3
50 61 6 10
40 60 7 4
67 86 6 9
67 42 8 9
29 76 7 9
57 75 10 2
84 43 6 3
63 31 2 9
47 51 7 8
72 60 7 8
28 31 3 2
84 8 5 1
20 38 7 3
83 27 1 9
16 57 3 2
95 72 6 10
92 7 4 5
16 99 1 8
27 66 9 5
23 7 10 7
97 84 1 9
25 34 4 6
94 2 8 7
15 46 3 6
42 34 7 2
45 44 3 2
7 93 8 8
74 86 4 1
89 86 7 9
46 80 4 2
99 80 9 7
85 92 10 3
40 94 1 9
67 84 10 3
30 80 7 4
72 93 6 3
4 83 3 5
45 24 8 6
51 94 4 7
17 4 6 9
57 23 10 10
85 56 10 4
92 68 5 3
87 30 6 6
20 65 9 4
1 45 7 10
60 53 2 5
70 9 7 3
87 62 3 4
88 38 3 5
98 30 10 9
25 52 3 5
41 25 1 4
33 54 8 8
82 48 2 3
9 28 1 4
91 57 2 8
56 55 6 1
21 68 3 8
55 23 3 9
87 68 4 10
74 80 6 10
40 5 4 9
25 96 10 1
92 8 5 5
67 91 8 6
82 11 5 8
45 55 5 3
56 70 5 5
23 41 5 3
31 23 2 5
53 94 6 9
54 37 10 6
75 50 5 1
58 14 3 2
5 81 10 6
69 60 5 5
69 36 9 2
3 9 3 6
97 51 7 7
72 37 10 3
1 20 3 3
6 67 10 5
42 64 7 2
88 1 2 3
51 65 8 3
38 96 8 9
32 68 4 1
58 11 8 7
9 5 6 6
1 41 2 1
41 16 1 9
77 2 4 2
55 68 4 8
68 7 1 8
1 22 2 10
49 78 3 6
9 16 3 2
99 70 5 3
33 44 4 5
37 49 1 7
21 32 1 1
81 93 9 5
43 90 2 9
19 82 8 5
100 65 3 9
61 44 3 5
45 63 3 7
88 37 3 3
61 27 4 5
21 56 3 2
25 77 1 2
62 72 5 2
25 89 7 6
44 10 7 8
11 14 3 2
42 44 5 3
67 39 8 9
24 17 5 8
86 37 9 6
90 28 5 5
24 64 6 5
94 30 3 1
15 80 2 5
80 68 10 7
54 31 3 1
78 15 5 3
12 13 1 7
48 13 7 9
8 54 1 7
37 10 9 10
56 91 2 5
65 67 6 6
18 52 9 4
39 64 8 9
40 19 3 4
47 73 9 4
30 57 2 3
77 45 5 2
31 58 10 2
49 83 10 8
74 56 10 7
94 12 10 9
34 3 10 9
69 77 2 2
6 92 8 6
18 14 6 6
39 83 8 1
77 66 7 3
66 13 3 1
66 84 3 7
26 13 7 4
86 69 9 8
82 29 1 10
11 27 5 6
87 91 9 2
66 54 2 4
86 38 2 5
90 71 8 1
45 52 7 5
8 57 1 1
74 29 2 8
31 20 6 9
77 63 7 3
11 88 8 4
66 81 7 6
96 16 8 2
8 3 9 5
55 27 7 4
72 98 4 2
45 56 2 1
68 52 10 9
49 65 2 2
10 29 5 6
6 80 3 5
91 53 4 4
60 89 4 8
27 54 8 1
44 2 8 2
94 22 5 2
9 17 3 1
70 100 9 9
60 56 1 4
90 15 8 7
3 85 7 5
86 63 5 3
10 100 8 10
99 90 1 2
50
8
70
57
52
1
13
91
7
87
29
17
34
65
85
21
11
72
55
90
39
81
46
84
44
77
93
82
73
49
43
80
45
60
76
38
42
96
99
14
58
16
100
50
27
56
79
2
12
78
33
500
SIMULASI 56 34 26 12 29 62 87 2 28 48 91 14 86 23 84 67 94 88 43 42 85 7 49 58 19 31 95 10 44 8 15 3 20 61 63 27 51 92 21 82 22 70 13 80 52 78 30 74 41 89 1 75 99 90 100 60 81 
SUPER 64 20 90
SIMULASI 20 20 77 62 100 65 73 43 24 66 54 61 89 15 57 8 60 76 90 79 30 
SIMULASI 94 52 15 98 31 12 21 8 67 32 35 1 49 70 44 86 42 100 17 90 60 81 91 20 57 92 99 93 89 48 43 29 33 11 54 97 16 88 46 63 69 26 79 77 37 95 27 64 61 3 22 78 19 6 47 24 82 59 5 51 72 76 73 25 41 2 28 34 38 96 84 9 80 74 56 30 10 65 58 75 14 40 13 68 4 45 39 66 87 62 71 36 53 50 18 
SIMULASI 57 25 23 90 54 16 67 70 21 20 77 94 64 42 66 32 96 46 88 4 44 43 83 45 28 87 9 81 41 50 7 14 1 52 61 30 85 56 24 22 47 60 34 12 10 92 53 35 93 19 18 99 31 74 75 58 40 89 
SUPER 44 53 11
KABUR 79 82
SUPER 38 75 3
SUPER 54 81 92
SIMULASI 21 67 32 93 55 86 25 1 83 99 27 58 17 46 10 60 6 39 91 48 51 5 
KABUR 59 81
SUPER 32 70 42
KABUR 88 29
SUPER 84 28 97
SUPER 11 23 20
KABUR 70 9
KABUR 80 97
SIMULASI 46 13 8 73 18 32 64 27 81 21 88 60 52 20 4 17 43 55 46 28 34 89 25 83 54 70 93 22 41 6 72 30 12 37 80 10 68 51 36 79 95 58 61 75 97 49 23 
SUPER 81 8 87
SIMULASI 46 60 24 91 8 85 96 65 74 90 42 58 78 89 1 62 10 66 33 61 75 86 59 82 16 15 22 100 99 27 94 69 56 31 43 48 71 28 73 44 64 87 35 98 97 11 23 
SUPER 73 89 50
SUPER 52 4 44
KABUR 94 72
KABUR 19 87
SIMULASI 88 13 1 81 62 53 19 98 4 74 57 23 26 80 37 43 69 56 89 20 48 59 10 63 50 21 42 46 5 45 79 29 12 92 28 41 8 33 55 6 60 68 51 88 75 35 3 64 77 95 36 2 24 83 31 18 44 52 94 82 11 47 38 85 34 22 91 32 61 73 93 97 87 27 9 58 78 17 30 90 16 14 84 71 70 86 25 66 72 
SUPER 90 37 70
KABUR 27 96
SIMULASI 89 81 67 12 15 20 53 46 58 36 70 75 54 88 69 82 42 66 34 97 59 6 51 71 9 25 39 92 7 78 19 41 3 76 10 45 93 62 32 14 1 38 27 94 8 28 18 68 61 96 40 23 11 43 29 52 80 5 98 99 4 48 33 91 65 63 57 21 74 95 100 64 13 77 17 47 89 56 35 90 50 37 73 44 60 55 31 24 26 72 
SUPER 9 54 14
SUPER 83 52 26
SIMULASI 56 50 47 38 88 62 16 30 52 4 24 68 67 41 90 43 51 15 66 25 91 77 82 79 99 78 74 34 29 18 39 22 96 92 75 28 73 40 2 60 87 32 76 9 54 27 95 89 94 36 7 86 6 44 56 55 42 
SUPER 39 30 70
KABUR 47 81
SUPER 23 15 19
KABUR 20 94
SIMULASI 45 61 50 77 78 94 26 15 53 74 63 51 22 99 82 54 46 44 64 29 79 47 27 32 57 40 33 75 11 9 86 97 39 4 90 13 71 76 89 3 5 87 52 10 55 66 
KABUR 64 58
SIMULASI 57 27 54 18 77 87 11 96 3 48 52 39 36 99 51 60 4 42 72 15 22 65 24 31 89 47 92 71 70 76 88 30 35 97 81 79 68 93 19 100 91 78 63 73 67 44 75 45 57 98 56 28 32 86 50 16 34 6 
SUPER 91 19 34
KABUR 35 33
KABUR 53 57
SUPER 99 29 27
SIMULASI 93 24 2 57 49 85 91 15 97 8 5 13 6 47 45 70 51 83 1 92 41 18 74 37 10 69 20 32 50 58 56 64 63 71 52 48 77 89 81 78 36 28 30 11 23 98 82 29 79 19 65 21 4 38 54 93 73 59 75 90 33 87 31 95 16 46 9 17 72 40 76 7 61 35 22 86 3 42 14 96 60 43 88 39 44 66 34 84 26 53 68 27 94 12 
SUPER 91 4 79
KABUR 98 47
SIMULASI 29 98 8 69 99 23 11 31 40 2 7 28 53 35 68 6 83 89 65 12 54 44 24 97 33 45 96 88 67 50 
SUPER 35 49 82
KABUR 21 25
KABUR 69 94
SUPER 12 97 84
SIMULASI 48 88 32 18 91 82 94 47 57 8 22 55 97 5 62 13 50 89 90 11 3 24 46 51 21 7 87 52 66 28 48 41 19 77 16 79 26 68 93 30 31 37 45 85 86 84 43 34 36 
SUPER 23 50 5
KABUR 18 68
KABUR 64 34
KABUR 40 94
KABUR 41 40
SUPER 95 46 88
SIMULASI 28 19 84 40 12 43 98 95 93 5 85 27 90 37 96 65 20 91 51 82 44 47 97 6 83 30 78 2 21 
SIMULASI 9 33 45 51 17 94 18 2 7 80 
SUPER 16 59 78
KABUR 95 90
SIMULASI 100 74 17 96 84 98 18 68 11 20 21 91 93 50 79 64 70 30 53 13 92 97 100 59 56 25 73 62 80 76 51 22 65 48 85 38 2 41 29 99 7 23 1 60 31 83 95 24 52 8 67 69 94 34 42 27 4 33 9 47 49 66 82 90 36 86 40 87 16 46 78 32 54 45 26 15 37 72 6 28 39 12 43 88 10 58 57 5 14 35 55 3 89 19 77 81 61 63 44 71 75 
SIMULASI 58 44 92 9 99 7 55 51 76 64 37 6 24 43 39 74 31 71 56 50 86 87 30 1 72 26 60 80 36 90 88 54 49 46 16 11 17 68 91 33 29 8 42 35 98 52 28 96 93 2 4 45 5 81 53 22 47 21 94 
SUPER 80 57 54
SIMULASI 73 72 91 9 74 81 89 60 4 56 2 21 31 54 51 67 71 35 16 32 13 95 47 94 14 68 90 52 48 37 22 43 58 1 10 40 87 63 42 11 27 33 84 18 75 6 96 28 55 17 19 70 30 80 3 76 100 25 65 79 36 5 73 38 86 7 59 49 50 97 88 29 53 8 
KABUR 6 72
SIMULASI 69 51 16 64 42 44 82 62 14 65 45 81 28 80 21 26 50 25 86 55 88 35 70 98 75 32 5 2 52 66 78 24 49 93 71 53 8 10 22 3 84 6 48 38 23 41 99 89 69 43 20 87 13 54 58 60 1 4 9 59 19 92 18 72 33 46 90 17 100 29 
KABUR 33 60
SIMULASI 37 18 78 56 84 38 46 9 86 41 27 64 87 88 95 53 26 54 81 5 73 47 58 51 63 45 90 15 96 20 31 22 4 72 33 91 66 68 
SUPER 94 47 4
SIMULASI 86 77 62 32 22 74 63 29 49 99 82 76 9 90 66 100 3 81 24 73 41 95 57 44 35 51 50 97 25 19 89 34 98 16 68 39 85 43 23 58 88 30 20 92 8 48 21 84 70 11 91 5 94 54 46 7 69 40 64 55 4 80 61 28 18 87 86 79 45 52 60 71 72 17 27 6 14 56 38 37 47 2 75 36 42 31 33 
SUPER 13 22 53
SUPER 5 68 95
KABUR 82 13
KABUR 27 32
SIMULASI 22 94 5 81 2 61 80 76 84 44 25 50 92 72 51 41 53 48 73 33 74 56 40 
SIMULASI 40 85 11 34 20 48 100 87 95 29 68 66 33 84 50 73 36 22 59 74 26 75 7 12 6 98 71 76 38 90 81 67 82 43 56 91 79 72 64 69 8 
KABUR 58 15
SUPER 20 79 89
SIMULASI 100 89 7 3 91 84 95 48 58 71 96 19 32 15 40 43 90 35 85 23 78 51 57 5 93 38 62 86 55 73 9 60 99 30 1 29 97 4 8 88 20 56 17 28 33 46 80 72 79 25 39 31 63 81 47 26 50 6 70 42 10 61 83 37 64 54 53 36 49 77 45 92 11 76 22 75 14 98 59 94 27 24 69 18 74 82 66 12 34 100 87 68 65 67 52 41 44 16 13 21 2 
SIMULASI 78 19 71 79 49 98 48 33 90 26 22 32 96 66 38 16 30 83 84 28 17 8 97 77 76 85 41 53 55 2 61 47 93 63 56 81 57 74 27 24 15 9 54 40 21 31 89 91 44 34 82 99 13 60 94 14 35 18 43 51 65 75 68 4 87 100 95 42 1 70 37 50 20 67 52 11 73 58 25 
SUPER 28 47 80
KABUR 94 58
KABUR 48 29
SIMULASI 38 94 38 91 93 99 82 42 60 25 32 64 77 8 59 45 79 100 34 98 26 3 29 50 24 61 43 48 62 55 85 35 21 47 46 75 74 87 39 
SUPER 39 55 18
KABUR 98 65
KABUR 94 71
KABUR 26 52
KABUR 74 14
SIMULASI 59 4 76 82 14 46 34 54 48 96 70 51 47 21 19 91 80 18 68 41 73 93 27 59 58 1 20 28 37 52 61 29 15 71 74 43 87 30 60 24 26 97 38 67 88 9 42 83 78 35 92 45 89 84 10 44 63 12 33 66 
SIMULASI 2 72 41 
KABUR 74 30
SIMULASI 39 21 57 61 83 47 10 12 79 35 8 82 45 71 95 92 46 44 40 64 38 25 85 65 30 52 97 17 78 59 74 77 15 37 96 27 51 23 18 28 
SIMULASI 71 9 27 76 45 47 80 42 84 46 11 64 43 16 75 98 40 24 60 89 2 53 85 69 20 74 67 91 50 41 17 58 96 90 18 36 48 83 30 70 55 86 88 73 79 1 52 94 63 6 93 12 72 26 68 65 7 95 15 35 34 78 62 21 19 44 10 57 8 5 61 71 
KABUR 43 73
SIMULASI 83 3 67 93 51 78 15 54 90 99 28 40 13 91 80 77 5 47 19 74 35 25 4 8 61 96 66 10 48 44 56 9 26 31 18 63 20 43 36 95 50 92 17 30 86 55 2 84 87 81 33 98 53 68 23 100 41 22 45 46 97 42 72 32 34 88 94 7 89 38 1 62 49 27 75 37 73 64 16 58 39 29 21 85 
SIMULASI 69 61 65 4 92 32 88 6 36 85 18 68 19 56 84 96 86 78 20 14 77 99 35 3 37 53 87 13 15 54 48 80 30 8 17 51 27 69 26 58 5 33 57 10 42 25 74 82 59 100 79 95 47 22 40 9 71 93 72 94 12 55 45 66 7 39 70 64 81 43 
SUPER 13 33 98
SUPER 24 25 97
KABUR 22 85
KABUR 81 47
SUPER 92 40 93
KABUR 11 21
SIMULASI 74 29 54 99 12 10 83 71 68 76 74 89 67 97 92 42 28 38 55 95 11 77 73 81 72 26 14 65 48 27 6 94 23 51 39 2 40 86 24 85 91 58 96 50 31 44 61 1 98 63 100 21 35 64 46 60 90 75 25 33 43 82 30 7 57 87 88 59 8 3 34 13 41 80 47 
SUPER 2 16 21
SIMULASI 95 35 72 11 41 40 90 2 75 37 56 27 34 30 89 60 49 68 36 96 74 5 78 42 99 18 33 25 58 10 98 8 85 14 95 39 63 69 15 29 22 97 12 87 66 77 62 32 71 82 73 79 93 4 16 6 92 7 28 26 84 53 83 31 23 51 65 9 20 44 70 46 80 19 38 59 47 52 94 61 64 86 50 1 81 21 17 57 24 43 67 54 3 88 13 48 
KABUR 39 46
SUPER 9 53 90
SIMULASI 3 78 72 63 
SUPER 84 1 13
SIMULASI 63 81 90 10 91 73 36 47 52 57 62 82 24 66 99 1 61 14 27 87 31 64 20 74 12 6 46 86 63 54 69 38 93 85 33 29 13 42 26 71 44 45 25 100 9 72 16 8 56 34 51 40 84 97 94 89 22 3 75 76 65 95 32 55 
KABUR 39 53
SIMULASI 40 50 26 16 89 94 30 59 31 11 87 61 57 63 46 23 48 8 73 79 71 47 20 25 17 39 80 96 91 40 68 14 45 88 27 6 22 54 42 12 67 
SIMULASI 53 48 74 94 27 26 38 21 85 68 28 39 18 34 3 51 1 36 64 11 79 2 77 35 96 50 72 17 89 100 6 58 31 5 15 86 19 44 66 75 45 10 30 22 69 25 7 99 80 60 12 57 91 90 
SUPER 24 6 67
SUPER 35 12 29
SIMULASI 10 17 75 31 77 38 26 43 6 70 78 
SIMULASI 98 21 69 16 99 17 20 34 15 27 58 33 97 19 62 52 82 68 100 45 86 29 26 48 67 46 56 60 6 89 36 88 76 13 96 11 65 12 22 73 59 39 81 50 31 55 95 90 70 77 79 85 72 63 28 64 83 75 37 30 40 53 7 98 2 3 43 24 10 80 18 35 47 54 71 25 51 38 14 84 61 41 92 23 1 49 4 57 74 91 8 93 42 44 94 9 87 5 66 
KABUR 64 26
KABUR 80 71
SIMULASI 11 66 36 71 30 84 8 13 73 50 56 10 
SUPER 28 98 47
SUPER 95 100 49
SUPER 29 15 11
SUPER 46 93 72
KABUR 91 23
SUPER 10 98 17
SIMULASI 81 37 61 19 43 47 89 20 82 79 74 64 3 50 49 5 36 8 94 33 72 53 12 57 70 59 55 29 41 87 58 27 63 88 81 66 39 62 78 42 91 80 51 4 54 93 45 30 67 21 75 40 90 48 11 28 15 44 56 52 86 46 13 96 84 65 16 23 73 77 32 10 100 83 69 60 22 92 25 95 98 18 
SIMULASI 97 100 74 73 72 82 97 1 56 61 58 89 43 17 90 81 13 3 87 2 55 95 8 77 44 40 11 15 52 88 57 32 9 78 69 4 5 42 38 18 19 71 20 99 29 60 14 6 76 27 31 70 37 64 50 96 59 93 51 23 66 16 35 34 22 53 62 25 46 94 39 33 67 7 80 98 10 24 65 26 45 41 28 86 54 79 12 48 92 21 63 83 91 84 47 85 49 68 
SIMULASI 40 44 78 85 33 36 51 96 43 73 9 82 64 17 35 50 87 81 15 4 58 70 75 91 8 100 45 92 24 38 98 28 48 54 34 22 67 49 7 71 65 
SUPER 18 4 35
SIMULASI 96 99 98 74 10 46 33 75 24 70 17 1 2 56 65 18 15 22 44 71 26 32 31 7 37 94 97 90 5 60 13 100 23 52 89 76 77 54 19 6 11 93 16 72 67 21 50 69 58 91 27 38 29 14 95 49 28 8 63 41 34 25 59 4 82 39 64 30 85 48 68 57 43 88 87 9 80 20 61 12 51 62 53 79 45 83 96 55 66 35 92 40 78 42 84 73 47 
KABUR 42 6
SUPER 35 100 70
SUPER 47 23 69
KABUR 20 15
KABUR 97 26
SUPER 36 94 26
SIMULASI 81 95 61 26 40 70 74 67 56 6 41 42 86 24 44 94 55 65 62 100 19 7 1 76 4 90 66 69 60 96 98 99 71 8 79 50 78 53 34 91 32 36 46 33 29 63 37 48 35 5 93 25 21 39 75 28 11 87 68 2 84 77 51 85 30 43 10 18 3 38 52 45 22 13 47 31 27 59 12 88 16 73 
SIMULASI 10 62 83 47 35 21 14 36 48 9 86 
SUPER 24 45 60
KABUR 16 97
SIMULASI 92 55 36 88 85 57 54 95 92 52 78 19 94 37 53 58 18 79 99 4 70 24 50 28 83 49 10 17 71 46 39 7 22 26 91 14 75 42 8 68 84 12 2 9 63 44 27 6 38 81 59 11 1 74 34 65 77 82 5 45 89 20 90 86 80 43 15 87 48 93 13 76 72 16 96 100 35 97 3 47 51 61 64 40 33 41 67 69 62 29 30 31 21 
SUPER 84 97 64
KABUR 72 2
KABUR 59 69
SUPER 2 17 63
KABUR 62 90
SUPER 95 10 56
SIMULASI 59 40 30 83 24 53 1 23 91 18 75 85 9 50 43 8 3 63 27 26 89 60 20 25 79 73 12 5 49 86 41 19 21 33 38 87 44 42 29 92 84 71 11 64 93 56 82 95 39 70 54 35 2 6 72 7 59 65 15 81 
KABUR 73 50
SIMULASI 79 43 34 25 64 53 72 94 73 92 83 36 18 15 89 29 78 95 33 75 6 31 88 22 27 68 59 67 13 66 10 77 86 99 70 69 46 8 9 30 98 20 61 87 81 50 93 57 80 52 28 12 97 44 51 4 54 42 14 39 1 3 58 91 84 32 62 35 38 19 24 65 56 41 11 23 79 48 63 16 
KABUR 71 25
SIMULASI 23 49 99 20 43 23 85 26 25 6 32 50 86 45 91 2 74 39 72 100 27 75 58 94 
SUPER 39 82 18
KABUR 55 68
KABUR 30 71
KABUR 38 94
SIMULASI 15 96 80 81 30 94 11 12 31 51 55 97 21 6 38 47 
SUPER 39 25 71
KABUR 39 41
KABUR 35 71
SUPER 50 62 74
SIMULASI 54 49 50 41 72 52 37 1 54 31 59 35 42 19 65 46 18 34 81 55 99 10 73 58 53 36 13 4 95 28 70 60 98 43 82 57 88 67 5 86 96 9 27 8 69 7 6 26 51 30 22 29 63 84 75 
KABUR 73 61
SUPER 25 84 86
SUPER 4 37 73
SIMULASI 41 11 41 98 60 38 91 79 86 14 37 3 35 21 54 61 46 73 57 32 33 2 4 15 36 30 20 25 27 84 82 87 22 45 66 40 74 100 85 77 23 92 
KABUR 96 95
SUPER 7 61 14
SIMULASI 29 39 14 97 70 19 28 79 31 32 41 43 58 4 44 80 98 89 94 78 42 82 26 69 13 1 90 83 64 53 
KABUR 95 27
SIMULASI 86 63 8 88 49 26 86 33 40 30 65 54 53 60 69 15 7 96 16 36 64 73 59 99 3 74 61 6 89 12 45 34 79 47 20 13 29 87 52 83 56 92 1 55 48 10 9 2 78 19 80 4 50 98 58 27 68 67 72 23 42 70 57 17 75 93 11 18 84 94 77 5 24 62 22 14 44 37 85 90 91 97 46 41 21 35 39 
SUPER 10 47 42
SIMULASI 31 87 79 1 94 72 67 65 6 51 30 52 11 34 33 97 10 83 66 85 9 93 17 16 37 4 3 18 75 12 8 13 
KABUR 4 31
SIMULASI 89 99 33 28 90 17 56 77 4 54 12 8 52 43 100 69 51 36 29 88 80 11 6 76 2 97 24 27 72 21 15 65 31 83 95 13 70 7 75 50 73 38 66 98 78 39 63 92 34 60 48 59 49 37 18 22 9 30 53 23 58 85 44 91 5 25 40 61 81 10 20 84 86 67 42 87 16 82 64 19 62 1 26 35 45 71 96 41 89 3 
SUPER 27 57 14
SUPER 62 92 44
KABUR 38 77
SIMULASI 35 74 95 56 17 60 43 49 99 33 65 85 22 21 63 68 81 91 66 57 87 46 30 2 7 40 31 6 39 27 44 9 61 25 89 92 
KABUR 4 25
SUPER 24 51 6
SUPER 94 100 45
KABUR 71 49
SUPER 14 6 96
KABUR 55 64
SIMULASI 74 71 79 15 86 80 91 48 56 74 78 42 97 69 17 92 9 75 45 14 27 31 89 43 1 28 94 76 25 6 39 83 37 70 96 87 32 8 7 95 93 88 63 67 82 24 22 65 38 21 34 35 52 10 50 16 60 62 55 13 54 98 59 18 81 5 90 30 47 41 29 12 11 73 64 
SIMULASI 82 39 95 52 16 24 92 20 72 9 25 91 35 30 22 84 79 8 2 59 63 100 45 54 56 83 80 7 90 48 43 42 97 27 46 65 73 62 88 87 34 98 50 40 57 36 60 26 89 3 5 67 49 53 28 81 58 11 38 51 4 47 61 14 94 10 6 12 21 44 76 55 31 75 19 32 96 86 17 70 29 74 99 
KABUR 24 8
KABUR 50 53
SIMULASI 81 48 39 3 25 81 69 17 37 5 50 29 88 12 10 98 13 14 35 7 72 91 49 68 99 51 31 45 38 92 19 86 80 24 40 78 95 61 6 32 59 43 9 58 75 64 60 73 1 11 42 83 67 53 76 41 74 30 47 2 44 22 34 54 8 57 62 28 63 56 16 4 85 93 27 90 89 23 79 87 46 94 
SIMULASI 40 91 28 9 64 20 88 65 86 82 90 75 69 57 41 37 66 63 72 58 68 77 8 47 15 96 92 81 89 2 99 78 97 83 55 3 38 26 70 1 16 
SUPER 41 79 3
SUPER 20 85 41
SUPER 34 3 40
SUPER 14 67 86
SIMULASI 4 83 12 2 22 
KABUR 44 8
SIMULASI 35 69 44 31 70 11 32 81 93 75 7 10 59 67 98 51 40 54 58 42 77 3 89 25 78 14 65 22 43 49 84 17 72 9 91 63 
SIMULASI 73 99 18 100 40 80 47 63 46 31 12 19 6 41 96 53 7 52 30 13 58 38 87 77 27 83 25 85 11 36 94 59 93 29 14 92 39 50 65 76 45 69 23 97 5 8 3 82 75 79 4 95 49 15 56 24 84 73 72 16 17 9 43 86 1 62 34 61 90 66 48 26 68 67 
SUPER 23 36 2
SUPER 67 48 49
SUPER 93 67 11
KABUR 58 42
SUPER 88 31 65
SUPER 61 18 64
SUPER 12 69 40
KABUR 42 99
KABUR 97 40
SUPER 9 66 50
KABUR 9 97
SIMULASI 77 2 44 7 10 38 37 16 73 86 35 85 51 30 53 65 93 27 81 15 61 33 82 56 5 74 18 66 54 95 57 24 68 40 88 84 80 34 91 99 4 42 22 45 52 32 67 12 49 29 3 71 90 63 19 59 69 92 39 23 70 77 76 8 47 13 78 50 26 100 97 55 75 1 9 43 62 14 
SIMULASI 7 22 17 54 93 15 43 47 
KABUR 60 5
SIMULASI 5 94 59 21 13 31 
SIMULASI 76 16 54 69 91 49 24 22 76 9 82 38 77 13 87 32 83 86 71 67 17 20 39 7 26 96 41 56 42 61 90 43 40 28 15 36 89 97 45 29 31 75 25 19 44 4 95 27 62 64 92 94 33 8 74 58 100 1 14 30 2 52 55 5 47 65 63 98 46 35 18 78 51 50 12 60 53 
SIMULASI 83 95 27 52 40 21 5 96 72 76 99 33 16 25 67 55 97 61 100 47 75 89 6 8 45 62 37 34 2 60 9 78 14 30 68 13 84 59 1 94 24 71 98 81 10 17 88 66 42 90 28 46 57 83 44 41 11 70 56 64 50 87 23 69 39 65 18 77 43 80 38 54 74 91 48 51 58 4 29 26 63 7 85 36 
KABUR 53 20
SIMULASI 28 1 83 30 52 87 99 15 32 23 16 17 94 42 14 47 26 89 91 8 81 50 27 48 53 39 76 55 100 
KABUR 71 90
SUPER 59 89 73
SUPER 100 73 45
SUPER 56 97 62
KABUR 6 23
SUPER 21 11 34
KABUR 26 21
KABUR 96 34
KABUR 49 36
SIMULASI 99 76 74 100 19 89 50 98 25 80 38 12 41 65 79 63 44 23 6 91 4 90 53 75 34 11 92 54 2 73 78 10 59 96 71 7 62 46 99 72 22 24 15 81 26 18 55 16 36 85 84 88 39 52 5 35 68 37 86 83 82 49 48 3 13 77 28 14 21 29 47 27 9 1 57 61 32 31 69 95 43 58 17 67 87 20 51 30 97 40 64 8 42 45 56 70 33 94 93 60 
SIMULASI 54 46 76 3 4 96 51 71 1 54 53 56 87 83 81 40 89 64 84 69 58 73 50 13 10 38 39 49 75 19 15 57 95 100 74 36 77 48 59 47 61 28 30 94 91 86 17 99 72 22 93 41 20 35 2 
SUPER 82 13 2
SUPER 99 66 97
SUPER 31 72 82
SIMULASI 14 3 36 9 21 46 13 79 76 93 92 73 80 82 11 
KABUR 54 65
SUPER 87 91 44
SUPER 22 51 98
KABUR 81 38
KABUR 100 43
SIMULASI 33 16 23 14 73 99 33 64 15 100 30 39 38 54 69 97 67 27 96 1 60 83 42 84 71 40 41 61 79 26 7 25 9 59 
KABUR 49 22
SIMULASI 39 52 18 30 97 63 100 23 3 10 54 84 55 11 51 4 12 24 19 15 34 61 25 33 85 29 90 91 17 88 27 98 40 77 71 83 22 50 96 38 
KABUR 90 66
SIMULASI 84 81 62 65 6 85 78 51 56 24 33 45 76 8 9 90 2 25 46 66 20 12 87 54 36 23 3 32 47 92 52 57 86 71 77 38 40 30 44 35 53 98 94 39 95 28 5 22 13 7 15 50 48 1 64 42 59 10 27 83 11 70 82 43 91 61 67 19 29 84 72 21 63 41 79 99 55 60 18 80 88 34 58 74 100 
KABUR 29 16
SUPER 30 81 69
KABUR 100 75
SIMULASI 15 93 21 84 18 50 23 81 95 53 16 10 7 62 54 47 
SIMULASI 11 59 94 36 66 72 45 18 96 9 11 52 
SIMULASI 96 34 8 18 57 64 59 99 74 77 86 83 43 89 52 53 90 24 55 31 100 32 1 62 60 12 98 69 92 65 16 21 35 15 87 66 63 93 70 4 7 3 58 85 76 37 5 61 91 38 42 49 11 78 82 28 79 88 54 96 17 39 2 27 29 94 95 48 9 6 30 20 13 26 22 68 71 67 40 51 14 80 25 23 50 44 73 47 97 72 19 33 75 84 10 41 46 
SIMULASI 14 3 87 98 64 92 67 58 9 62 5 28 25 68 71 
SUPER 56 74 2
SUPER 24 32 57
SUPER 96 82 76
KABUR 69 90
SIMULASI 71 74 90 44 99 11 15 48 28 80 19 21 59 89 79 16 92 87 24 100 14 10 88 78 51 7 61 45 35 84 65 2 70 86 41 3 55 39 56 62 50 26 6 46 85 49 18 76 95 23 43 75 13 17 40 38 22 9 20 96 5 93 1 64 53 73 34 68 77 42 83 60 
SIMULASI 65 71 26 16 43 31 100 15 2 72 45 97 3 74 20 82 28 68 6 95 59 1 19 46 10 75 70 56 8 64 34 35 42 37 58 66 53 96 89 55 84 13 54 77 62 57 11 91 73 60 4 48 94 14 29 83 88 81 67 40 36 98 50 44 76 99 
SUPER 41 99 5
SIMULASI 17 66 37 89 60 81 40 32 79 27 22 67 93 71 61 18 31 47 
KABUR 30 37
SIMULASI 87 24 3 47 41 39 56 30 60 94 63 13 87 42 22 18 49 46 20 10 80 34 28 93 7 44 98 4 81 40 55 57 2 74 67 38 50 88 9 51 86 45 62 35 17 23 19 71 69 25 59 64 82 78 31 12 53 99 73 37 36 11 6 43 68 33 85 48 75 70 91 90 76 65 54 32 83 77 1 21 52 100 79 5 96 61 66 29 
KABUR 54 13
SUPER 28 22 3
KABUR 89 2
SUPER 54 25 6
SIMULASI 18 76 31 34 84 27 58 29 54 46 10 67 61 85 59 83 20 53 33 
KABUR 51 5
SUPER 79 8 53
SIMULASI 90 26 27 23 70 51 46 96 62 25 56 35 13 29 21 50 66 78 69 38 28 49 64 93 39 87 84 97 67 44 82 14 17 91 11 53 36 40 100 8 92 12 33 72 20 52 88 99 81 24 80 85 45 95 63 68 30 71 73 43 7 22 74 58 48 4 94 47 10 79 42 9 1 61 75 98 60 77 34 32 86 83 90 59 16 76 3 65 41 57 31 
SUPER 71 46 1
SUPER 77 27 94
KABUR 94 91
KABUR 12 36
SUPER 5 7 49
SIMULASI 80 38 46 36 41 80 75 5 44 22 47 67 48 8 15 4 59 7 92 43 25 2 27 87 79 39 54 30 51 100 19 20 58 21 9 88 11 53 29 55 23 73 17 56 98 81 69 10 50 16 83 62 77 42 86 72 65 18 6 82 99 71 14 1 26 84 60 34 49 94 63 76 68 40 90 52 3 70 93 28 31 
SIMULASI 70 4 86 77 68 25 52 39 88 11 51 7 44 18 59 9 91 83 54 20 80 100 22 53 94 14 50 64 84 49 74 66 60 87 19 57 47 2 81 55 38 46 17 1 63 32 26 65 90 3 97 85 30 36 82 31 8 95 78 70 43 13 35 92 79 96 99 41 71 27 72 
SUPER 88 38 57
SUPER 77 90 60
SIMULASI 43 26 12 54 42 10 91 65 98 83 80 30 57 33 64 46 68 41 78 94 25 58 60 89 53 17 74 49 50 44 28 55 31 96 72 40 15 6 88 84 97 100 92 52 
SIMULASI 92 3 13 80 35 19 87 30 52 47 10 49 14 8 15 1 86 21 37 83 45 16 82 67 2 78 97 94 48 72 95 85 24 6 91 71 5 39 77 4 84 31 63 93 92 59 66 68 26 100 62 34 18 33 58 79 20 96 46 38 76 43 27 25 70 89 56 65 64 50 29 11 28 17 36 22 60 7 75 74 53 69 61 32 90 9 23 40 42 12 54 55 57 
SIMULASI 54 35 36 100 86 13 41 81 60 46 4 43 31 7 15 28 26 67 87 90 66 99 52 59 65 23 92 78 80 39 70 68 82 56 88 27 72 25 19 16 42 76 37 48 73 71 58 96 30 94 93 79 91 98 22 
KABUR 17 14
SIMULASI 56 4 70 25 64 35 2 21 16 92 63 40 53 38 29 17 42 36 71 11 66 14 32 26 20 97 45 72 98 67 49 10 47 55 94 39 34 1 90 19 44 68 73 56 15 22 76 13 62 65 50 58 27 75 84 91 31 
SIMULASI 91 97 46 63 68 25 93 77 31 33 87 94 4 49 26 62 2 57 14 21 45 47 61 50 37 67 59 53 73 48 7 8 95 35 72 54 76 19 6 18 5 98 40 82 11 99 83 92 70 91 22 32 79 34 90 9 81 100 41 15 55 74 27 85 13 84 52 28 44 58 71 65 43 12 20 1 96 30 24 23 89 16 75 42 36 66 3 64 29 56 86 69 
SIMULASI 32 58 24 11 86 96 35 41 76 95 54 91 87 4 16 69 37 7 77 59 17 29 79 28 51 21 74 62 33 93 36 50 78 
KABUR 18 32
SUPER 71 59 70
KABUR 96 54
KABUR 53 38
SIMULASI 57 18 36 99 23 69 83 61 95 70 87 27 91 46 1 74 88 75 58 10 19 84 79 65 71 90 41 5 89 35 73 50 51 6 44 42 17 13 72 43 22 94 8 86 32 16 56 78 25 34 63 30 92 97 82 59 28 3 
SUPER 55 72 71
SIMULASI 88 92 46 99 61 59 74 25 94 35 72 16 4 29 12 78 95 52 24 45 1 88 100 84 20 60 49 57 18 91 42 97 86 26 73 41 83 2 80 43 31 34 64 32 10 85 81 90 17 21 48 23 70 75 33 30 7 47 13 79 44 56 62 5 55 71 82 37 67 22 58 54 66 36 53 40 65 14 51 9 28 87 11 76 69 89 3 39 63 
KABUR 96 9
SUPER 36 79 56
SUPER 100 94 82
SIMULASI 56 94 88 39 43 18 87 51 40 34 62 32 58 64 73 78 56 4 80 89 63 90 72 38 26 21 8 49 82 33 10 44 81 77 84 42 52 27 41 7 48 74 22 36 28 37 30 16 83 70 25 86 99 13 85 93 60 
KABUR 82 67
SIMULASI 80 84 68 52 87 32 93 43 45 1 100 61 91 86 7 23 62 48 6 16 56 58 50 25 55 27 35 18 29 89 73 75 46 77 17 57 49 13 90 19 66 28 97 12 54 8 41 76 51 71 36 94 83 33 63 38 4 3 81 5 95 72 99 34 47 2 24 15 65 96 21 40 14 64 92 53 74 70 31 98 20 
SUPER 56 13 58
SUPER 9 30 65
SIMULASI 26 82 90 8 31 93 20 16 97 18 1 35 2 87 10 58 7 83 29 24 15 62 68 95 92 67 6 
KABUR 61 96
SIMULASI 24 56 17 96 59 94 93 26 51 31 32 53 33 14 54 28 77 95 2 19 61 88 58 27 24 
KABUR 46 71
SUPER 94 66 26
KABUR 15 43
KABUR 9 26
SIMULASI 59 97 19 45 15 98 59 63 66 33 39 34 46 65 47 4 55 95 57 18 54 72 53 7 86 92 78 11 77 82 88 49 62 96 64 36 40 71 85 56 23 52 3 8 81 24 35 58 26 29 75 61 13 20 80 73 93 10 25 84 
SIMULASI 86 64 56 57 69 55 45 35 36 15 94 44 29 58 37 6 47 52 84 41 22 91 80 79 39 71 53 10 63 92 88 82 78 32 97 13 1 77 100 26 30 33 50 9 14 59 18 87 23 96 65 34 48 62 8 38 5 11 72 99 68 74 90 73 51 42 24 28 12 83 75 43 54 61 49 81 21 19 31 70 98 17 66 3 76 60 86 
KABUR 94 34
KABUR 81 49
SUPER 34 77 17
KABUR 95 85
SUPER 47 23 62
KABUR 93 64
SUPER 32 76 94
KABUR 7 58
KABUR 71 20
SUPER 89 8 35
SIMULASI 17 5 74 49 71 69 84 86 82 99 63 80 28 54 75 11 52 1 
SUPER 52 53 51
KABUR 57 10
SIMULASI 93 39 19 32 51 38 96 27 63 11 58 23 73 57 8 77 48 26 34 87 83 70 12 13 56 21 92 31 3 100 81 6 18 44 75 46 61 25 45 40 65 93 49 5 54 14 97 35 78 29 60 53 62 79 85 7 15 66 43 72 9 33 4 41 76 88 59 55 67 28 42 1 36 98 47 95 50 89 22 94 16 30 2 71 10 86 99 20 64 68 24 37 82 52 
KABUR 26 63
SIMULASI 60 31 5 96 87 52 32 77 74 13 51 65 66 97 3 19 60 95 73 61 56 8 63 88 34 58 18 26 57 17 42 37 4 27 24 80 82 69 93 90 68 2 25 72 11 100 38 36 29 54 45 91 16 49 43 55 83 12 21 75 79 
KABUR 78 26
SUPER 28 98 43
SIMULASI 31 80 29 24 54 27 15 48 52 55 66 13 36 28 75 91 58 67 64 33 45 90 17 12 35 78 3 53 51 100 39 11 
SUPER 100 81 47
SUPER 17 88 36
SIMULASI 50 92 26 53 85 30 98 16 31 90 27 64 55 2 93 86 36 99 88 91 8 10 77 33 84 59 1 22 25 87 80 51 52 4 13 62 63 43 15 39 29 54 70 18 67 72 100 45 68 94 69 
KABUR 98 11
SIMULASI 18 21 71 33 57 18 69 37 66 77 10 88 50 90 8 65 96 11 56 
SUPER 73 58 15
SIMULASI 49 45 100 52 35 47 59 29 86 62 75 92 73 46 20 63 72 85 14 78 65 18 37 13 42 88 6 49 7 90 28 99 16 60 1 25 30 54 98 19 96 93 71 36 44 87 9 10 61 12 
KABUR 7 94
KABUR 30 84
SIMULASI 49 84 79 80 36 24 70 13 95 16 66 85 1 73 9 51 30 60 27 90 78 21 98 35 29 48 69 59 18 87 12 39 99 76 46 86 41 40 62 83 97 8 15 44 58 81 100 19 53 38 
KABUR 49 4
KABUR 52 60
SIMULASI 19 20 66 85 36 6 32 7 90 45 95 22 42 67 60 86 69 52 8 92 
KABUR 96 35
KABUR 39 100
KABUR 64 21
KABUR 79 21
KABUR 100 96
SIMULASI 24 26 96 36 57 55 85 51 76 77 84 1 6 9 37 2 86 4 60 74 41 10 71 87 19 
KABUR 12 66
KABUR 61 58
SUPER 91 62 63
SUPER 76 37 24
SUPER 38 85 55
KABUR 23 68
SUPER 50 88 21
SUPER 47 66 20
SUPER 70 69 81
SUPER 56 100 8
SIMULASI 86 39 27 89 44 74 35 94 93 6 10 83 100 29 20 91 88 69 54 61 8 97 92 65 52 51 18 17 64 80 42 12 67 86 59 40 58 43 73 53 31 4 48 19 7 37 38 75 66 84 56 41 32 47 15 46 62 63 72 23 99 60 82 3 90 79 49 71 9 57 5 77 36 87 70 2 76 16 25 81 98 50 45 68 95 30 33 
SUPER 100 2 94
KABUR 46 40
SUPER 56 99 7
SUPER 23 59 58
SUPER 51 20 77
SIMULASI 54 76 45 30 16 90 18 17 59 93 48 70 47 11 38 55 9 51 29 89 31 52 4 13 71 24 91 50 3 98 62 99 40 86 43 33 84 14 49 20 81 35 83 15 75 88 96 5 66 100 60 28 37 64 32 
KABUR 97 68
SUPER 20 51 88
KABUR 59 16
KABUR 43 85
SUPER 80 97 56
KABUR 9 70
SUPER 16 39 63
SIMULASI 74 70 6 7 85 79 76 83 82 77 45 59 39 13 68 49 32 17 78 31 61 62 33 25 23 11 3 37 98 26 71 97 74 93 55 18 56 86 28 53 69 21 91 99 12 52 46 51 87 65 44 10 24 40 8 72 95 67 63 36 30 35 34 50 90 48 9 60 89 92 19 84 88 73 43 
SIMULASI 7 77 39 2 61 38 64 83 
SUPER 66 58 29
SIMULASI 84 51 22 92 1 76 89 14 66 21 79 57 20 28 75 50 68 3 53 60 38 27 65 42 62 46 44 32 70 34 56 40 83 15 11 86 58 33 49 29 94 45 10 96 67 80 97 18 48 87 17 99 13 64 69 25 23 39 85 73 63 6 55 4 81 88 91 12 43 98 7 90 19 47 8 59 71 84 41 61 36 100 72 16 74 
SIMULASI 30 52 71 44 78 28 81 92 66 49 58 80 57 6 43 7 50 32 8 30 60 2 3 25 19 42 20 89 72 13 56 
SUPER 18 10 85
KABUR 88 96
KABUR 66 57
SIMULASI 32 42 79 80 91 71 51 14 50 62 67 99 83 40 37 84 53 61 36 15 12 32 10 66 100 64 35 82 30 55 46 63 33 
SIMULASI 72 24 23 87 63 95 47 35 83 51 89 74 15 75 54 8 18 79 27 77 62 37 92 80 84 38 82 72 11 69 85 52 71 70 17 59 7 14 73 60 42 26 22 65 86 58 88 28 39 30 90 4 29 45 9 41 40 10 81 66 91 36 94 56 5 16 97 99 48 55 78 49 12 
SUPER 71 29 37
SUPER 65 93 47
SUPER 86 13 100
SIMULASI 70 55 11 96 81 25 10 34 26 95 18 50 30 61 24 74 79 19 45 51 12 78 86 48 41 13 64 65 54 4 58 17 68 83 77 36 85 90 75 31 94 73 28 5 91 92 63 16 52 88 27 43 87 39 8 7 46 84 42 70 44 60 38 69 97 80 22 57 100 23 1 
SIMULASI 72 46 35 73 58 60 77 78 10 68 20 92 21 74 80 5 39 34 93 28 23 26 17 27 36 31 18 16 63 51 72 89 49 82 19 84 53 99 12 7 55 100 76 66 62 67 81 25 6 22 50 95 90 40 13 71 29 8 61 1 4 70 41 30 56 83 64 33 37 32 15 47 9 
SUPER 77 4 18
SUPER 66 99 65
SUPER 45 77 60
SIMULASI 28 100 29 31 52 59 51 60 77 80 92 56 96 28 48 6 61 9 43 72 18 30 11 70 66 41 38 4 19 
SIMULASI 8 62 32 91 27 72 41 28 84 
SUPER 1 73 13
KABUR 87 69
SIMULASI 89 53 62 15 18 3 65 40 25 2 73 88 86 44 49 45 39 1 81 19 61 9 24 52 34 90 6 83 13 94 11 56 22 66 42 57 71 55 16 27 72 68 37 17 51 60 50 79 89 5 92 82 95 59 75 64 35 91 7 80 63 77 23 4 58 97 14 21 84 12 8 36 32 67 33 48 74 99 70 96 47 100 28 20 43 76 38 41 85 30 
SUPER 27 55 49
KABUR 98 93
KABUR 67 40
SIMULASI 5 94 61 39 66 48 
KABUR 17 80
KABUR 22 79
SIMULASI 39 83 59 22 94 63 64 77 53 15 87 74 57 97 71 88 12 13 89 99 2 47 37 11 31 5 33 70 51 95 34 10 26 67 18 76 92 1 62 32 
SUPER 8 83 43
SUPER 39 92 74
SUPER 87 82 66
KABUR 53 21
SUPER 36 35 89
KABUR 36 8
SIMULASI 17 2 35 96 57 52 21 50 28 67 43 90 70 48 85 26 83 44 
SUPER 38 85 39
SIMULASI 61 47 50 42 100 65 7 22 62 40 49 4 55 94 70 89 12 24 90 10 16 68 17 45 66 29 63 20 61 75 93 48 60 57 39 59 1 74 77 15 5 84 52 28 54 79 64 96 56 76 23 41 27 46 30 92 95 9 2 98 43 53 
SUPER 33 91 18
SIMULASI 20 27 19 86 10 60 98 46 72 38 74 31 99 82 93 58 97 1 83 67 32 
KABUR 95 7
SUPER 66 72 38
KABUR 72 93
KABUR 93 47
KABUR 65 51
SUPER 56 2 26
KABUR 54 55
SUPER 42 81 20
SIMULASI 78 26 92 86 1 2 37 67 14 100 40 43 10 93 90 47 24 72 20 60 22 29 6 17 27 96 31 41 83 85 28 53 76 30 56 48 18 33 35 79 11 52 62 81 23 58 61 42 44 3 12 94 95 97 8 25 21 34 50 66 32 59 36 73 77 9 19 45 64 88 54 57 91 78 98 75 99 15 80 
SIMULASI 60 86 82 70 63 22 24 60 61 54 78 21 64 58 6 89 49 53 84 17 42 4 90 69 68 99 81 72 88 8 66 35 44 76 43 41 59 40 94 65 98 38 74 34 14 9 36 91 96 33 77 85 2 97 20 48 16 11 55 7 37 
KABUR 81 62
KABUR 64 66
KABUR 73 19
KABUR 89 37
SIMULASI 25 1 89 94 79 29 52 54 39 59 26 49 11 84 12 25 15 66 86 43 23 99 30 74 56 65 
KABUR 70 24
SIMULASI 54 5 80 27 50 14 48 53 13 44 37 25 26 66 43 30 2 42 11 17 16 22 9 81 40 15 54 58 34 4 76 83 75 93 74 91 84 49 39 70 69 61 56 73 67 57 29 38 87 60 55 45 3 59 18 
KABUR 19 35
SIMULASI 86 76 30 75 65 66 56 100 86 48 98 90 24 60 20 13 91 69 52 68 70 32 83 58 5 34 88 38 51 71 72 96 61 99 97 50 21 26 27 37 23 16 87 19 25 36 95 49 43 84 74 79 39 44 62 11 6 33 89 17 9 12 14 92 22 42 45 18 59 40 77 80 35 64 82 7 46 28 55 53 31 54 47 78 4 85 3 
SUPER 41 39 57
SUPER 37 60 67
KABUR 79 58
SIMULASI 88 44 53 91 10 54 35 88 66 36 25 4 51 57 84 26 69 52 24 73 11 55 75 39 34 46 50 6 87 96 8 32 22 20 70 33 68 23 15 94 93 76 37 83 48 13 61 43 63 28 5 12 98 64 71 18 27 82 21 59 65 80 74 58 19 49 100 42 78 72 40 1 67 89 85 2 38 14 30 86 56 3 81 9 16 79 45 90 97 
KABUR 98 37
KABUR 18 64
SUPER 3 94 25
SIMULASI 4 68 93 64 28 
SIMULASI 65 97 73 46 34 42 81 48 10 5 15 13 52 71 37 7 29 58 72 50 79 91 62 25 95 84 63 36 30 51 11 87 26 9 94 41 24 59 19 93 92 82 28 20 77 83 4 80 90 67 8 22 88 16 27 64 49 40 33 78 66 96 68 53 21 98 
SIMULASI 39 24 47 68 15 48 72 94 71 73 86 59 97 56 100 88 80 31 5 35 66 46 96 69 38 26 29 9 67 78 76 36 70 30 16 22 25 33 95 99 
KABUR 15 25
SIMULASI 22 22 82 56 1 75 16 7 68 84 78 25 58 31 41 94 2 34 14 61 77 4 27 
KABUR 59 38
KABUR 89 22
KABUR 74 20
SUPER 88 83 53
SIMULASI 68 35 17 99 32 16 43 20 21 3 83 25 82 95 97 19 14 79 87 92 11 18 86 40 56 69 90 12 62 37 28 46 5 88 52 76 67 1 49 55 73 78 8 7 74 71 75 29 9 48 63 59 26 84 57 36 66 68 44 54 96 81 15 91 33 34 93 61 42 
SUPER 48 66 94
KABUR 6 17
KABUR 8 12
KABUR 59 4
SUPER 71 4 65
SIMULASI 38 62 33 37 81 63 82 89 53 52 80 71 50 30 39 59 84 16 43 26 66 51 56 85 42 27 94 78 58 20 41 68 36 90 49 96 70 3 15 
KABUR 3 35
SUPER 40 80 36
KABUR 76 1
KABUR 40 4
SIMULASI 49 20 64 6 85 88 49 24 44 75 35 40 74 63 57 1 77 89 66 8 47 16 36 86 70 33 62 72 97 50 31 17 48 95 21 10 43 84 96 79 32 39 90 13 22 56 2 37 53 87 
SIMULASI 11 2 98 3 69 90 33 92 61 59 40 5 
KABUR 46 55
SIMULASI 77 10 51 72 7 62 14 35 6 93 32 77 94 33 70 47 99 28 55 36 92 8 15 42 9 52 30 96 84 78 40 61 23 12 25 4 17 69 54 68 95 34 45 91 81 39 1 46 31 71 89 2 57 24 38 60 18 65 56 16 41 74 5 26 82 67 73 19 85 27 63 43 3 86 13 88 44 87 
KABUR 33 49
SIMULASI 58 21 35 20 48 98 54 87 6 86 56 37 93 4 99 57 39 97 15 45 23 13 30 1 94 63 42 38 75 65 40 18 66 81 19 70 58 74 41 29 80 91 51 59 27 69 64 73 62 55 71 96 44 3 24 25 47 85 17 
SIMULASI 18 70 44 74 37 58 85 95 66 91 67 75 41 4 81 55 17 97 24 
KABUR 27 40
KABUR 76 65
SUPER 25 14 37
KABUR 79 5
KABUR 85 9
KABUR 26 60
KABUR 33 45
SIMULASI 61 93 87 19 21 76 49 63 81 27 35 39 44 29 17 86 3 10 42 58 100 83 20 70 56 79 9 85 65 90 38 41 88 61 22 6 98 75 53 67 33 80 72 16 94 69 34 5 25 77 37 59 12 2 48 1 18 40 99 55 96 97 
KABUR 84 32
SIMULASI 83 46 51 16 43 4 95 80 57 6 61 83 65 19 70 15 12 7 54 67 91 5 87 45 24 88 81 74 28 21 39 78 94 79 49 52 75 18 58 98 64 93 10 30 22 14 23 40 66 62 97 100 72 9 96 35 34 13 41 76 42 82 59 25 73 85 56 31 55 47 86 20 50 48 90 38 71 69 60 53 8 89 11 33 
KABUR 38 8
KABUR 44 24
SUPER 97 72 81
SUPER 23 72 74
SUPER 55 23 42
SIMULASI 69 99 10 74 95 26 79 11 53 16 41 92 4 50 28 86 67 63 90 54 51 89 100 94 73 29 62 19 64 56 27 47 1 25 46 66 77 72 85 84 48 93 35 83 69 44 58 36 30 55 52 42 71 18 80 37 31 57 13 49 45 3 24 98 88 2 14 65 20 9 
KABUR 76 80
KABUR 51 84
SIMULASI 41 65 71 53 36 92 44 41 98 93 61 1 23 99 47 56 20 95 14 24 10 66 18 88 17 19 58 84 38 87 21 57 70 42 75 52 31 91 39 59 25 80 
SIMULASI 30 50 17 53 27 77 75 87 78 67 91 96 21 34 5 30 86 83 43 84 59 92 46 82 3 12 33 11 74 35 32 
SIMULASI 1 36 
KABUR 60 52
SUPER 28 3 80
SUPER 73 6 98
KABUR 43 27
SIMULASI 15 41 68 31 11 12 28 75 52 19 95 40 71 73 88 54 
KABUR 44 28
KABUR 71 67
KABUR 47 64
KABUR 90 26
SUPER 93 98 2
SIMULASI 84 51 84 21 7 80 50 32 41 92 90 78 99 54 4 28 17 48 97 85 89 26 23 74 14 38 68 13 6 57 53 60 8 52 64 69 66 87 61 63 22 47 88 35 45 1 82 9 27 2 42 3 37 77 65 73 11 36 67 31 59 95 33 19 72 62 58 34 49 5 81 10 91 96 20 43 16 83 18 71 25 46 29 56 93 
KABUR 80 88
