1000 2000
2 1 7 8
3 2 9 8
4 2 10 1
5 3 5 9
6 1 5 7
7 6 10 6
8 4 9 5
9 7 8 10
10 9 4 2
11 3 10 4
12 8 5 8
13 2 6 10
14 13 3 3
15 14 6 1
16 12 7 8
17 2 9 7
18 2 4 10
19 16 1 1
20 7 10 1
21 7 8 2
22 19 3 3
23 20 6 3
24 14 3 9
25 17 6 8
26 5 6 9
27 5 1 5
28 20 4 3
29 28 1 2
30 21 4 5
31 23 10 4
32 23 4 9
33 7 4 7
34 11 10 4
35 15 4 9
36 12 10 8
37 22 4 4
38 9 7 1
39 16 7 4
40 39 9 2
41 13 7 9
42 33 2 5
43 25 4 6
44 23 10 1
45 35 6 9
46 42 2 2
47 16 4 8
48 29 6 9
49 48 1 4
50 10 3 8
51 22 10 10
52 37 5 1
53 17 10 7
54 16 7 2
55 18 8 5
56 25 9 6
57 51 6 8
58 5 2 10
59 41 10 9
60 23 7 3
61 33 10 2
62 19 5 1
63 9 1 1
64 62 1 6
65 56 6 2
66 53 1 5
67 62 8 6
68 12 2 10
69 36 5 10
70 55 4 5
71 33 2 1
72 37 3 2
73 42 10 7
74 72 2 7
75 14 6 3
76 39 7 7
77 34 2 6
78 35 3 1
79 71 8 3
80 51 5 8
81 69 4 2
82 77 5 9
83 78 6 9
84 47 4 9
85 46 1 2
86 47 10 1
87 2 1 5
88 39 9 6
89 75 4 1
90 2 4 9
91 66 10 3
92 82 10 3
93 23 7 1
94 60 6 7
95 16 1 10
96 15 4 9
97 64 1 10
98 81 9 9
99 15 9 7
100 91 10 5
101 8 3 10
102 26 7 5
103 63 5 8
104 89 9 8
105 37 7 8
106 47 9 4
107 28 9 9
108 30 10 4
109 103 4 5
110 85 6 7
111 53 1 10
112 45 5 4
113 96 6 8
114 98 1 7
115 19 4 8
116 84 4 7
117 13 3 5
118 112 5 6
119 66 4 5
120 51 4 7
121 97 5 9
122 38 5 2
123 117 5 5
124 77 3 4
125 63 4 7
126 14 3 4
127 83 10 3
128 37 6 1
129 93 10 2
130 41 4 10
131 121 8 2
132 91 9 3
133 46 7 9
134 77 4 7
135 128 6 6
136 121 2 8
137 87 5 10
138 47 5 10
139 63 7 6
140 32 4 6
141 23 4 3
142 114 7 9
143 83 10 1
144 89 6 10
145 1 6 10
146 1 8 9
147 43 10 3
148 78 1 9
149 30 4 3
150 56 7 1
151 121 2 10
152 36 9 8
153 38 7 7
154 10 2 4
155 148 1 3
156 90 9 3
157 130 4 2
158 49 1 1
159 70 8 4
160 87 4 3
161 18 5 8
162 53 5 1
163 19 9 1
164 56 2 4
165 46 1 1
166 39 6 9
167 46 2 6
168 160 9 6
169 39 1 10
170 42 4 9
171 113 8 8
172 131 2 6
173 5 1 2
174 33 2 5
175 95 5 7
176 68 8 3
177 168 1 6
178 58 9 9
179 94 2 7
180 150 10 8
181 2 10 6
182 37 6 3
183 165 3 6
184 46 2 8
185 81 8 3
186 107 3 10
187 130 5 6
188 5 1 4
189 179 7 6
190 106 2 6
191 81 1 8
192 135 6 3
193 92 9 6
194 173 4 7
195 165 1 3
196 121 9 4
197 93 5 6
198 164 1 10
199 44 10 3
200 85 2 4
201 181 3 3
202 142 10 2
203 120 3 7
204 27 4 6
205 117 10 6
206 84 8 1
207 34 6 8
208 52 7 6
209 117 5 2
210 132 1 4
211 16 1 1
212 104 1 9
213 152 7 7
214 105 8 7
215 8 8 9
216 194 7 9
217 114 6 8
218 172 2 10
219 130 3 3
220 192 6 5
221 191 3 4
222 170 4 4
223 161 3 2
224 146 6 5
225 221 7 3
226 147 3 9
227 49 3 7
228 165 8 4
229 102 10 5
230 188 5 3
231 210 2 10
232 78 5 3
233 185 3 3
234 183 3 3
235 93 5 10
236 205 10 1
237 176 3 2
238 177 6 6
239 58 8 3
240 228 3 6
241 185 4 3
242 26 2 9
243 147 6 5
244 82 7 4
245 156 5 9
246 186 10 3
247 182 1 6
248 243 8 5
249 17 7 7
250 122 2 4
251 76 2 2
252 102 8 5
253 56 4 7
254 37 6 1
255 21 6 2
256 174 5 1
257 51 9 4
258 240 9 1
259 18 1 9
260 164 6 8
261 1 2 3
262 212 2 4
263 80 6 3
264 234 9 6
265 171 6 10
266 61 9 7
267 116 2 7
268 114 1 10
269 116 9 7
270 252 1 1
271 71 6 9
272 39 2 3
273 131 7 4
274 126 4 2
275 211 3 3
276 47 4 9
277 234 5 1
278 166 5 7
279 265 9 8
280 247 4 10
281 31 3 10
282 191 10 1
283 204 8 10
284 55 7 5
285 24 2 3
286 120 1 3
287 1 1 5
288 163 8 4
289 129 7 7
290 108 1 3
291 183 7 10
292 68 2 7
293 58 2 6
294 195 4 8
295 103 7 7
296 1 5 5
297 228 1 9
298 102 9 3
299 219 8 1
300 195 2 3
301 223 6 10
302 11 1 10
303 43 2 10
304 277 3 1
305 163 3 3
306 100 6 5
307 215 7 4
308 97 10 3
309 130 1 6
310 281 9 6
311 127 8 9
312 101 8 8
313 298 1 9
314 82 8 10
315 131 7 9
316 121 2 7
317 170 1 2
318 207 4 4
319 121 6 5
320 129 9 1
321 36 1 2
322 119 5 7
323 44 4 1
324 210 4 9
325 262 5 5
326 216 3 2
327 280 5 5
328 24 5 3
329 75 4 1
330 31 3 9
331 163 8 7
332 16 9 8
333 249 10 5
334 226 2 5
335 62 6 2
336 196 6 7
337 314 7 1
338 35 9 1
339 103 2 9
340 77 6 9
341 197 9 7
342 179 8 7
343 289 10 3
344 120 8 5
345 261 1 7
346 209 10 7
347 60 1 1
348 265 9 8
349 259 10 5
350 98 8 6
351 236 8 10
352 294 2 4
353 254 4 2
354 228 10 8
355 339 8 2
356 177 2 6
357 100 8 10
358 59 8 8
359 105 3 3
360 141 1 5
361 96 7 7
362 350 6 9
363 137 1 3
364 204 6 8
365 128 2 4
366 240 5 9
367 42 3 3
368 23 3 3
369 247 4 9
370 246 1 9
371 62 6 6
372 52 7 1
373 250 2 2
374 119 7 8
375 59 6 5
376 44 7 7
377 253 4 7
378 286 9 6
379 35 8 2
380 365 9 2
381 133 7 8
382 251 4 5
383 18 2 4
384 329 10 7
385 109 3 10
386 39 6 3
387 377 7 9
388 373 9 6
389 92 4 3
390 382 9 4
391 370 2 7
392 314 6 1
393 91 9 5
394 51 8 5
395 299 9 3
396 317 2 5
397 226 7 1
398 277 10 10
399 212 6 1
400 395 9 2
401 42 7 1
402 283 4 9
403 257 2 1
404 28 10 9
405 13 3 8
406 358 3 5
407 168 7 4
408 135 10 5
409 243 4 9
410 162 8 4
411 116 10 4
412 8 7 3
413 294 3 6
414 280 1 6
415 268 8 9
416 394 3 1
417 404 1 8
418 317 9 2
419 21 3 8
420 89 2 9
421 74 4 1
422 132 10 8
423 170 7 2
424 288 5 3
425 53 6 5
426 227 9 4
427 322 6 10
428 376 10 7
429 358 5 5
430 96 4 4
431 164 1 6
432 178 7 7
433 371 9 9
434 118 5 5
435 166 3 1
436 162 1 6
437 111 6 8
438 363 6 7
439 391 10 6
440 336 3 2
441 56 7 5
442 188 3 10
443 356 2 5
444 317 7 6
445 277 10 2
446 2 9 9
447 265 10 5
448 16 3 1
449 272 8 8
450 69 1 2
451 217 6 10
452 387 5 7
453 371 7 7
454 213 10 3
455 150 9 10
456 43 10 5
457 285 9 9
458 136 1 9
459 204 1 7
460 378 10 2
461 260 10 3
462 425 4 1
463 84 10 4
464 410 7 8
465 34 6 5
466 416 10 4
467 25 9 5
468 75 8 10
469 291 8 8
470 330 4 1
471 420 9 1
472 197 2 2
473 3 4 9
474 237 10 4
475 357 6 8
476 9 7 2
477 242 10 2
478 77 7 10
479 425 3 1
480 23 4 5
481 451 2 3
482 263 2 1
483 91 8 4
484 465 8 5
485 150 1 3
486 164 10 6
487 264 5 7
488 450 9 10
489 355 5 2
490 155 2 9
491 331 9 2
492 236 5 4
493 396 9 1
494 345 8 5
495 195 8 2
496 365 5 7
497 296 5 10
498 426 2 3
499 194 10 9
500 444 1 8
501 269 7 2
502 273 4 7
503 343 8 1
504 367 8 9
505 309 10 8
506 22 10 4
507 204 5 1
508 349 3 3
509 490 9 8
510 400 3 8
511 124 5 3
512 116 2 4
513 11 10 3
514 473 6 1
515 140 6 5
516 460 10 9
517 375 2 5
518 31 10 7
519 126 10 1
520 295 7 9
521 520 4 7
522 147 8 10
523 134 4 5
524 214 1 5
525 203 3 6
526 395 10 6
527 364 8 3
528 465 8 1
529 500 10 9
530 341 6 8
531 94 2 9
532 526 5 3
533 241 9 4
534 425 7 3
535 383 3 10
536 467 3 8
537 340 2 1
538 41 10 3
539 264 3 6
540 326 8 3
541 184 9 9
542 150 3 4
543 423 4 1
544 343 3 8
545 267 10 5
546 76 6 8
547 175 5 7
548 130 10 1
549 495 5 10
550 214 3 3
551 445 4 8
552 468 3 7
553 98 10 8
554 374 4 2
555 102 2 5
556 509 2 4
557 268 4 8
558 203 9 3
559 345 10 7
560 269 9 1
561 374 7 2
562 449 8 1
563 376 3 6
564 371 9 6
565 452 10 7
566 88 1 8
567 536 7 2
568 440 3 10
569 18 8 1
570 258 6 8
571 534 4 8
572 548 3 1
573 448 10 2
574 99 8 2
575 311 2 4
576 29 8 1
577 32 3 10
578 241 6 10
579 562 9 10
580 201 2 2
581 576 8 3
582 411 10 6
583 466 9 8
584 52 9 2
585 483 3 7
586 19 6 10
587 560 10 10
588 305 7 7
589 23 8 9
590 463 1 2
591 159 5 4
592 309 4 1
593 207 9 4
594 527 4 9
595 162 7 7
596 331 1 4
597 128 6 8
598 176 4 9
599 228 1 2
600 205 6 1
601 550 4 4
602 154 9 3
603 307 6 2
604 376 6 6
605 418 9 9
606 179 7 10
607 17 9 9
608 234 1 9
609 108 8 10
610 372 2 3
611 1 2 3
612 305 6 3
613 336 8 2
614 361 5 8
615 135 6 10
616 256 5 8
617 338 1 5
618 563 5 10
619 584 9 2
620 410 5 5
621 161 6 4
622 55 6 6
623 603 9 5
624 106 2 5
625 30 3 1
626 253 9 10
627 5 1 2
628 26 2 10
629 251 5 1
630 136 1 8
631 349 9 2
632 617 8 3
633 632 8 4
634 4 5 7
635 26 3 6
636 6 4 1
637 127 2 2
638 362 8 5
639 184 9 4
640 494 9 10
641 397 9 1
642 331 5 8
643 231 1 6
644 606 9 8
645 94 6 1
646 456 2 9
647 367 8 6
648 601 4 4
649 536 2 5
650 474 8 1
651 322 1 5
652 647 2 1
653 237 5 4
654 43 4 6
655 369 4 1
656 609 3 8
657 3 5 1
658 539 2 1
659 102 9 1
660 210 2 7
661 237 10 1
662 181 3 9
663 307 8 4
664 179 1 3
665 401 9 4
666 522 6 8
667 490 5 4
668 5 2 5
669 350 8 8
670 643 3 6
671 45 5 6
672 6 5 4
673 5 4 4
674 106 6 5
675 177 10 10
676 78 1 10
677 559 2 5
678 615 7 9
679 78 3 1
680 583 7 10
681 124 2 3
682 2 3 7
683 402 6 1
684 117 8 9
685 38 1 2
686 35 7 2
687 391 9 4
688 376 3 10
689 670 1 6
690 242 9 1
691 301 3 9
692 461 1 5
693 144 3 7
694 183 10 1
695 92 8 7
696 80 10 4
697 696 4 4
698 132 9 10
699 681 9 9
700 10 2 1
701 99 3 2
702 355 7 7
703 519 5 10
704 118 3 2
705 20 1 10
706 402 1 2
707 163 6 3
708 606 6 4
709 89 8 5
710 267 5 2
711 404 7 8
712 442 2 9
713 61 4 10
714 30 6 2
715 45 5 6
716 1 2 7
717 23 10 2
718 104 7 10
719 467 5 6
720 254 10 6
721 447 8 6
722 366 2 5
723 272 6 7
724 509 5 2
725 330 4 3
726 161 2 1
727 723 3 8
728 171 7 4
729 725 7 5
730 719 1 8
731 333 9 10
732 587 4 8
733 382 5 2
734 240 9 5
735 592 6 2
736 715 3 2
737 120 3 1
738 344 9 10
739 99 2 1
740 612 2 4
741 366 9 3
742 631 3 3
743 452 7 1
744 597 5 7
745 14 7 10
746 699 5 6
747 118 1 9
748 67 5 10
749 729 7 6
750 161 9 9
751 386 6 4
752 693 6 3
753 215 3 3
754 300 2 6
755 373 3 9
756 466 8 9
757 658 6 1
758 726 4 9
759 682 8 5
760 406 5 6
761 704 9 4
762 469 8 9
763 745 8 9
764 760 1 4
765 348 10 4
766 585 5 6
767 652 8 4
768 146 6 6
769 627 7 3
770 572 6 10
771 274 4 10
772 735 9 10
773 685 4 9
774 540 1 4
775 353 3 4
776 547 3 10
777 300 1 7
778 761 3 5
779 655 6 9
780 428 5 6
781 498 1 6
782 411 1 8
783 109 10 10
784 124 9 4
785 581 8 2
786 434 3 5
787 467 10 3
788 449 4 3
789 540 4 4
790 185 5 5
791 488 10 6
792 743 8 4
793 218 6 9
794 246 6 3
795 625 6 7
796 208 7 6
797 760 10 7
798 34 2 4
799 680 10 4
800 579 7 3
801 68 4 10
802 266 8 4
803 341 6 8
804 395 9 2
805 699 7 10
806 654 10 2
807 241 6 4
808 559 5 8
809 177 10 4
810 646 5 5
811 374 10 4
812 183 4 1
813 229 2 1
814 413 2 7
815 770 6 5
816 396 10 4
817 505 2 1
818 377 9 3
819 39 7 8
820 766 6 2
821 557 10 2
822 628 3 6
823 328 2 10
824 356 6 4
825 753 4 10
826 682 8 10
827 234 9 4
828 638 10 4
829 406 5 7
830 548 6 8
831 673 7 3
832 750 8 8
833 556 8 2
834 401 1 7
835 654 3 7
836 530 3 9
837 438 6 9
838 171 5 5
839 540 3 5
840 11 3 3
841 428 5 2
842 330 7 1
843 736 8 4
844 163 2 7
845 422 8 2
846 714 5 8
847 258 1 10
848 283 5 2
849 516 5 3
850 817 2 10
851 797 3 1
852 42 8 10
853 284 9 5
854 305 10 3
855 718 8 6
856 585 3 3
857 839 9 2
858 250 1 1
859 7 3 2
860 751 4 4
861 78 10 10
862 459 9 1
863 7 8 2
864 522 7 5
865 201 3 9
866 40 7 5
867 531 9 8
868 104 8 10
869 160 4 6
870 348 4 3
871 816 6 5
872 81 3 3
873 525 5 1
874 202 6 1
875 496 1 4
876 643 1 10
877 481 4 7
878 491 4 3
879 557 1 7
880 128 8 5
881 165 9 8
882 557 4 6
883 264 3 8
884 871 6 4
885 217 1 5
886 807 7 4
887 4 6 4
888 864 3 2
889 756 3 9
890 864 1 7
891 270 4 9
892 760 7 3
893 797 3 2
894 410 2 2
895 382 10 5
896 437 5 3
897 61 6 1
898 640 6 8
899 115 2 3
900 749 4 7
901 676 5 9
902 590 5 10
903 319 9 4
904 238 10 7
905 884 4 9
906 571 7 6
907 416 3 8
908 876 7 4
909 275 1 9
910 756 9 1
911 389 10 2
912 234 4 5
913 380 9 2
914 898 1 10
915 643 3 3
916 757 7 3
917 800 4 6
918 509 10 7
919 583 6 10
920 154 2 7
921 878 10 3
922 244 6 4
923 701 8 5
924 264 5 4
925 85 7 7
926 456 8 8
927 489 10 9
928 786 10 10
929 519 5 9
930 270 3 6
931 121 2 5
932 856 5 1
933 11 2 3
934 210 6 10
935 569 3 10
936 192 5 1
937 122 8 5
938 348 8 1
939 413 10 7
940 128 1 6
941 51 9 2
942 526 5 1
943 62 7 2
944 297 8 2
945 937 6 5
946 907 10 3
947 112 10 1
948 198 6 7
949 117 5 6
950 546 8 9
951 251 7 1
952 281 3 10
953 927 9 8
954 560 9 2
955 871 6 6
956 720 9 9
957 373 9 1
958 532 6 4
959 905 10 10
960 482 8 10
961 616 3 2
962 388 2 9
963 285 1 2
964 255 2 6
965 907 8 1
966 671 6 5
967 31 5 1
968 728 2 10
969 510 6 4
970 588 3 4
971 319 9 8
972 328 1 8
973 901 2 8
974 841 8 10
975 928 5 10
976 454 2 3
977 44 10 1
978 545 8 3
979 575 10 9
980 945 7 2
981 601 1 4
982 166 6 1
983 632 4 6
984 328 2 6
985 262 8 10
986 656 7 1
987 651 6 5
988 787 5 4
989 402 3 5
990 535 9 5
991 136 1 2
992 218 5 4
993 62 7 4
994 869 3 3
995 695 7 4
996 888 10 6
997 770 2 9
998 499 10 10
999 975 9 8
1000 121 1 6
88 35 1 3
389 703 7 6
510 161 7 5
466 452 7 9
152 647 2 7
479 962 1 6
398 708 3 5
804 183 9 6
833 858 5 7
227 454 9 5
443 746 3 8
965 856 6 4
492 733 8 6
627 268 2 5
645 52 10 4
917 38 5 1
615 968 1 6
614 172 3 1
691 57 7 7
709 281 5 8
523 482 9 5
420 437 1 3
703 562 7 3
667 58 9 3
145 796 2 7
180 944 10 4
312 87 4 10
561 537 6 9
383 397 8 8
736 469 5 2
678 759 9 2
573 341 7 10
918 214 7 5
735 251 7 10
129 58 10 3
577 543 9 6
615 990 2 7
962 762 7 1
825 698 3 8
203 46 2 1
465 574 9 8
423 179 10 10
598 460 1 1
21 275 3 1
339 790 7 9
335 630 4 8
897 43 5 8
598 894 9 1
583 437 10 4
434 242 4 3
536 157 3 3
166 630 1 2
876 603 7 3
9 80 6 8
20 202 9 6
428 859 6 2
626 402 9 8
466 800 1 7
390 3 10 5
978 6 1 6
801 399 3 7
46 304 3 2
428 408 4 4
199 119 5 10
569 461 8 3
894 883 5 5
200 504 2 3
531 277 10 8
978 42 7 8
329 151 2 8
672 867 5 3
543 393 7 8
900 30 5 5
990 445 7 5
598 187 4 2
273 250 5 4
111 658 10 5
935 228 5 6
945 214 8 8
546 33 1 3
892 318 5 8
931 541 8 3
625 556 10 3
786 222 8 3
425 665 4 8
34 599 1 6
942 606 7 1
338 416 3 5
119 836 1 9
180 115 1 4
815 499 7 4
984 992 5 9
303 726 5 7
449 920 9 3
878 884 5 8
550 285 1 4
751 904 7 9
513 119 1 1
234 337 3 8
954 952 10 8
193 913 3 10
212 728 9 4
972 705 10 3
958 224 2 3
276 786 9 4
498 810 5 8
802 269 10 3
265 670 2 4
871 947 4 6
99 789 9 6
285 284 1 7
762 313 9 10
804 891 2 10
967 755 2 7
117 839 1 3
283 18 10 7
778 826 2 2
663 130 10 9
299 878 3 9
403 137 6 8
849 338 7 6
481 770 10 7
477 248 5 1
938 109 10 7
25 593 6 10
247 388 6 7
901 813 3 6
400 815 3 10
114 591 6 10
911 679 8 5
713 134 5 10
469 838 5 9
540 333 10 9
515 252 2 7
3 603 4 4
329 283 3 2
863 594 3 3
369 771 6 7
329 299 7 9
548 653 8 7
179 471 3 7
355 467 9 5
733 519 1 1
855 549 5 8
800 756 9 6
888 373 2 1
974 247 5 3
480 187 1 9
711 368 2 2
192 136 6 10
492 569 1 8
200 982 5 7
566 732 3 1
731 485 9 8
255 592 3 7
664 655 2 10
511 967 5 6
953 644 2 4
743 610 4 9
246 405 7 2
896 818 1 2
586 532 10 9
956 792 10 10
748 689 5 3
355 636 2 3
774 661 6 7
470 257 6 1
504 482 6 3
262 294 6 8
973 808 9 8
285 318 3 2
580 881 3 8
531 664 10 1
847 285 3 5
545 502 8 1
303 957 5 10
945 849 10 2
916 859 5 7
547 314 8 8
49 823 3 4
432 762 3 5
629 691 3 2
817 825 5 1
482 599 6 10
848 778 7 2
192 556 6 9
484 788 10 4
497 148 1 10
497 82 1 5
951 927 10 4
989 259 3 7
840 711 1 3
43 409 6 10
808 660 4 9
314 125 7 8
159 319 2 9
694 608 10 8
213 730 7 10
837 403 4 6
492 293 1 8
618 854 6 7
348 641 8 9
701 708 5 9
88 952 9 4
319 204 10 10
479 371 4 10
33 985 5 8
579 17 9 8
541 570 1 10
565 557 7 4
603 817 8 4
245 448 10 2
701 47 1 9
470 978 6 7
362 325 1 9
127 756 3 10
693 324 1 5
330 87 2 6
270 789 8 5
159 797 5 3
870 8 10 1
17 271 6 6
703 984 4 5
623 877 7 9
801 4 1 6
731 192 2 3
133 398 1 1
805 113 4 10
981 919 1 10
424 538 8 5
176 73 8 8
955 436 10 8
665 650 10 10
568 239 6 2
152 30 8 2
424 756 10 7
471 517 3 8
787 420 2 2
678 912 10 8
923 625 1 2
862 791 6 10
289 595 7 8
280 956 1 6
678 84 6 3
221 433 3 4
555 500 9 5
279 317 2 8
392 13 2 9
654 642 5 10
127 807 7 9
916 345 4 10
481 707 2 4
16 51 3 8
919 979 1 3
117 833 7 9
17 839 7 5
627 595 1 6
585 72 5 1
60 188 10 9
400 240 5 4
663 579 7 9
959 799 7 5
623 106 6 1
598 511 1 7
421 251 2 9
559 224 1 1
520 445 4 3
403 499 4 6
707 274 5 1
443 50 10 5
718 818 5 10
464 429 3 2
18 168 10 2
154 70 5 4
49 164 10 2
243 309 1 1
906 998 2 4
820 195 9 4
824 137 2 7
301 762 3 8
196 372 1 5
25 914 2 6
77 417 7 10
159 876 8 10
550 657 1 10
313 778 1 7
799 789 4 6
951 717 7 1
82 382 8 2
860 92 7 9
414 485 10 1
575 130 9 3
446 915 7 1
418 112 3 6
923 664 8 2
526 262 2 8
276 943 2 8
115 789 2 10
212 623 2 3
659 839 1 2
211 682 2 7
351 740 4 5
642 33 4 4
720 797 9 5
890 965 5 8
183 644 6 2
837 687 6 1
516 497 3 5
59 896 6 9
729 86 4 5
838 433 6 4
807 195 8 1
501 922 6 4
622 649 3 9
475 150 1 1
137 298 3 7
392 340 4 5
343 758 1 2
206 686 7 4
794 431 3 9
316 533 5 2
354 524 1 9
549 322 5 1
602 497 4 7
57 670 10 4
185 125 2 4
770 434 4 7
937 201 7 7
303 407 4 5
651 766 5 2
171 141 9 10
519 190 9 7
815 615 9 6
71 289 5 9
642 172 5 5
388 737 3 1
711 94 8 6
695 206 6 2
814 6 9 5
601 762 8 4
688 29 7 1
546 340 9 1
735 180 4 6
644 408 1 4
707 436 8 3
464 812 3 3
541 214 10 10
548 603 2 6
515 1 6 7
212 609 3 2
444 892 4 10
457 21 10 3
902 494 5 9
611 786 2 8
571 664 5 10
253 926 6 2
444 468 3 2
335 229 2 3
633 705 2 8
586 390 1 7
572 658 5 2
439 147 6 1
925 263 5 1
518 412 9 7
486 577 9 7
290 779 1 2
631 650 7 7
219 633 3 9
722 473 8 4
258 798 4 3
167 456 2 3
616 492 1 5
896 921 1 3
286 492 4 6
421 556 1 3
437 46 4 6
272 290 1 5
206 564 4 2
705 380 9 6
378 670 3 8
290 155 3 3
634 415 8 6
563 361 6 2
711 509 5 7
110 765 7 1
722 636 9 6
380 322 2 1
796 883 3 7
885 639 6 3
342 436 4 6
786 655 5 9
737 959 9 4
549 930 7 6
582 374 6 3
950 818 9 5
350 482 10 4
671 70 1 3
226 379 10 10
177 696 7 7
187 595 8 2
540 322 8 4
330 74 5 9
809 572 6 2
648 811 7 4
314 335 2 4
30 124 10 9
800 244 1 7
38 793 8 1
323 348 9 3
919 1 7 2
420 560 4 4
483 902 6 4
830 618 3 7
803 216 5 4
407 793 2 6
792 897 4 1
418 40 3 4
788 826 4 1
256 863 8 10
214 163 5 2
153 719 7 2
680 798 1 3
287 537 9 1
548 52 1 2
474 175 4 3
905 437 4 8
828 144 6 2
161 699 10 10
333 847 8 7
749 943 2 7
846 531 5 5
519 649 1 6
954 799 5 7
550 787 10 2
559 115 1 1
693 29 4 5
225 240 8 7
691 105 6 10
591 104 2 2
874 336 8 3
58 954 8 4
284 658 3 8
156 473 6 8
64 305 8 10
701 28 5 1
345 158 3 2
63 902 10 7
638 265 4 2
546 295 5 2
10 84 6 4
816 296 5 9
596 360 2 5
953 451 1 1
7 973 7 4
399 63 6 4
866 597 7 5
195 375 1 5
720 632 10 2
189 762 6 8
632 233 9 10
926 91 10 5
285 782 9 5
888 658 5 7
751 683 9 7
612 128 1 1
566 495 8 5
210 895 1 2
765 420 8 2
771 734 9 6
116 346 6 5
569 816 1 3
899 99 8 10
221 508 1 8
381 864 3 5
823 253 5 2
754 833 7 6
104 91 10 7
290 752 4 10
387 575 4 5
80 597 9 6
638 882 7 7
412 979 1 2
932 174 1 6
295 312 8 4
862 66 6 4
777 208 3 6
476 497 5 3
333 202 7 6
904 699 6 6
867 480 3 10
98 881 5 2
204 714 2 8
364 508 8 9
249 114 4 5
622 821 9 2
283 17 6 1
146 645 3 8
362 199 9 3
984 302 8 7
633 670 1 9
650 824 8 7
40 455 7 9
488 995 8 4
488 610 7 8
660 874 4 9
842 241 7 9
183 998 4 3
152 63 8 4
447 272 2 6
950 671 2 4
51 878 7 10
607 172 10 10
917 954 9 10
297 854 1 7
830 515 7 3
991 432 2 4
175 749 1 8
745 897 1 7
673 166 1 4
680 987 7 3
612 881 3 4
925 815 5 1
594 71 4 1
850 190 10 7
371 943 6 4
703 433 10 4
242 293 7 4
165 865 3 10
582 839 7 9
886 478 9 2
177 392 3 10
2 203 7 8
988 25 7 5
106 143 9 1
648 433 1 1
455 813 3 5
29 371 4 1
763 980 6 5
165 800 2 10
782 14 8 5
537 184 7 2
289 412 7 2
962 596 3 2
845 423 7 8
328 30 1 4
452 591 9 3
573 806 7 5
62 903 6 7
778 845 9 7
428 31 1 6
216 133 4 3
407 199 7 2
31 638 10 3
817 417 6 10
66 794 5 1
530 695 1 3
872 297 8 4
579 592 7 5
698 661 5 4
758 942 4 8
963 341 10 3
747 282 7 2
682 349 3 4
947 332 5 7
225 67 4 9
375 439 5 5
153 138 4 4
784 555 5 8
595 651 1 2
192 32 6 3
167 453 7 10
223 328 5 5
527 676 3 3
271 605 2 6
388 334 9 2
543 654 4 8
751 310 1 2
530 413 6 1
648 156 4 10
865 339 5 9
489 706 6 7
283 240 9 8
603 632 7 8
971 559 7 3
359 520 1 6
81 32 4 10
549 834 3 10
702 891 4 8
592 287 9 9
107 739 8 9
311 441 1 8
186 207 3 10
19 328 8 3
131 937 6 1
79 245 8 6
663 442 7 1
242 890 1 6
104 787 1 8
862 415 7 7
886 477 3 1
644 398 9 7
778 168 9 2
733 551 7 3
765 199 4 6
241 179 1 5
1 529 7 7
498 764 5 2
222 97 3 4
729 90 6 4
125 678 3 3
999 503 6 2
159 74 7 10
772 491 3 8
422 990 1 7
922 199 6 5
58 227 9 2
586 253 1 9
748 522 4 3
605 13 2 1
406 228 8 10
836 393 1 3
64 769 3 5
7 656 1 10
371 428 8 2
824 742 4 7
752 36 4 5
832 681 6 7
552 860 6 2
927 693 8 3
597 707 7 3
432 40 6 6
367 827 9 6
258 181 6 10
96 581 3 7
646 564 6 10
711 874 4 6
839 415 1 8
719 90 6 7
684 534 5 1
472 536 6 2
432 434 2 6
596 267 5 1
674 997 1 6
866 430 6 8
931 327 2 8
413 8 8 4
334 162 9 5
38 851 5 7
970 710 2 5
908 360 9 10
425 820 8 9
674 712 1 7
244 30 1 3
432 372 5 3
723 860 3 4
87 453 5 6
688 360 4 3
57 124 3 7
676 706 7 1
853 9 4 4
600 595 2 9
126 455 9 10
261 429 9 10
229 437 7 7
323 368 1 8
977 893 3 2
748 462 8 10
157 432 3 5
729 279 4 6
537 543 6 7
979 276 9 1
15 955 7 8
362 703 4 2
830 293 4 4
72 336 1 5
25 589 8 5
254 984 10 7
336 798 4 8
453 585 2 4
861 495 8 6
709 907 9 8
32 827 7 9
577 200 3 6
682 681 6 7
304 968 3 2
532 739 4 4
467 460 3 10
551 306 10 9
509 774 3 1
357 247 6 9
309 462 5 7
54 659 1 9
781 830 5 8
156 182 3 6
910 294 6 7
438 987 7 6
129 511 2 3
735 713 10 3
22 211 5 3
247 115 5 1
823 570 2 4
431 472 3 5
21 934 7 9
73 986 8 4
825 903 6 7
461 794 3 6
75 998 2 1
244 609 8 9
93 37 5 8
709 654 2 10
129 645 9 4
347 904 10 5
889 650 7 3
295 445 3 2
683 773 1 8
842 360 8 2
138 884 4 6
590 521 4 2
341 3 3 6
723 737 6 1
799 465 10 2
163 634 3 10
240 712 8 3
639 979 3 8
600 496 8 3
199 439 7 9
922 83 7 6
877 837 5 6
334 802 8 3
921 848 9 4
404 285 9 7
300 800 2 1
655 630 1 8
416 22 8 7
167 901 1 2
854 403 1 5
317 589 3 8
526 705 9 8
897 252 3 9
466 983 10 2
182 726 8 1
306 72 9 10
724 770 10 8
248 932 6 5
220 482 1 5
36 604 5 4
351 742 10 1
919 65 1 10
133 976 1 6
548 60 4 4
393 441 4 8
793 727 3 6
387 257 2 5
794 945 9 9
740 98 2 6
261 157 9 7
229 877 2 8
862 186 10 7
111 666 7 1
788 187 6 2
267 827 4 4
64 968 4 6
146 560 8 9
852 739 4 7
45 700 8 6
984 923 4 6
349 133 8 10
470 443 5 8
963 807 9 6
518 426 5 7
664 137 10 6
122 931 10 3
789 45 7 2
691 358 2 7
483 683 4 5
833 596 9 4
467 101 4 1
493 190 2 10
142 244 9 1
657 766 9 4
805 968 1 6
197 731 8 10
473 163 3 9
523 600 9 9
731 717 9 7
412 956 10 4
924 9 5 1
872 266 10 2
510 749 8 3
528 546 7 4
904 197 1 8
175 166 5 1
724 328 4 10
947 717 3 1
547 904 6 3
551 289 3 9
598 181 8 2
764 300 2 4
879 609 9 2
402 998 1 10
597 197 4 5
811 288 7 7
458 153 4 1
119 579 9 10
327 519 3 1
255 184 5 10
526 840 10 3
982 616 8 2
358 212 10 4
842 829 2 6
633 629 9 7
110 286 3 4
825 876 4 3
667 990 10 7
373 809 2 3
353 253 9 5
335 374 6 10
122 188 8 6
817 419 3 2
670 844 9 7
906 434 2 10
495 606 8 9
237 180 5 2
790 372 8 3
441 913 7 2
978 885 5 9
960 595 3 3
583 844 9 7
380 139 5 2
452 457 6 10
268 89 2 5
946 245 8 3
499 639 3 4
899 337 4 10
688 886 5 10
639 150 6 7
78 254 1 6
464 134 10 9
573 145 10 2
958 256 5 5
709 912 2 6
379 343 7 6
329 475 8 9
24 763 10 2
592 395 1 3
109 357 10 5
509 619 5 5
379 942 1 10
975 362 5 2
764 271 5 9
585 914 3 7
289 850 1 8
235 875 5 9
658 262 1 1
933 495 3 5
784 302 1 4
402 383 9 3
822 538 8 3
338 315 10 5
210 259 9 9
158 621 2 6
719 554 8 8
102 477 5 5
966 456 10 7
325 894 5 2
111 678 4 7
627 886 9 9
44 814 10 2
745 89 7 3
997 672 1 3
31 342 4 7
619 332 4 3
160 311 5 2
945 333 5 3
380 516 6 5
693 363 10 8
172 487 4 5
571 936 8 7
321 161 2 10
57 307 1 4
516 554 3 9
827 39 3 2
701 172 2 6
511 251 2 2
647 608 1 3
857 98 8 8
546 622 9 1
871 764 4 10
343 448 5 1
949 234 2 1
719 94 6 7
154 589 6 9
475 251 5 4
679 455 9 1
260 269 10 8
54 247 6 8
419 96 4 9
415 976 7 4
729 59 2 4
108 98 1 2
367 328 1 7
78 693 6 10
942 223 6 1
268 892 10 2
903 458 1 1
178 768 4 3
899 506 9 9
895 592 8 6
611 135 7 5
412 687 10 7
601 331 5 4
971 124 8 7
172 398 6 6
445 762 5 1
358 803 10 1
58 521 3 9
720 177 7 10
851 810 5 3
211 945 9 10
754 438 4 5
144 373 10 3
72 510 7 3
529 590 3 8
213 276 4 9
197 420 4 7
507 671 5 1
198 641 6 10
602 122 10 10
965 942 3 4
139 245 5 7
803 467 8 3
769 89 6 9
466 546 6 8
842 143 1 1
129 628 6 6
713 449 3 10
474 737 1 5
47 846 1 9
119 627 9 7
956 985 3 4
967 27 10 7
802 569 10 8
740 833 3 7
297 497 4 1
768 591 9 8
403 1 10 4
162 101 1 4
88 18 10 6
229 325 1 1
386 782 5 8
872 736 9 9
793 404 9 1
237 846 8 10
575 111 1 6
190 201 1 2
117 718 4 3
914 426 4 1
450 204 1 7
644 713 3 2
114 241 6 1
563 72 3 2
252 678 6 3
34 936 1 7
681 317 6 4
88 921 2 3
995 325 1 5
856 741 10 2
938 321 2 9
897 597 8 3
640 512 1 1
222 209 6 3
486 901 7 4
871 194 2 1
236 792 4 6
588 403 8 3
931 922 4 2
560 347 5 1
741 533 8 8
139 84 5 2
411 432 2 5
437 406 5 2
661 798 6 2
897 563 2 5
780 526 4 3
311 532 2 10
322 531 6 4
535 537 4 8
824 805 5 1
76 924 9 3
998 317 5 10
22 589 4 7
870 36 8 2
245 519 6 1
384 316 2 6
572 336 5 10
982 196 1 1
299 36 2 2
560 391 6 8
731 402 10 9
999 101 5 5
872 926 3 8
1
27
500
KABUR 678 41
KABUR 898 805
KABUR 99 347
KABUR 326 468
KABUR 701 746
KABUR 102 201
KABUR 75 89
KABUR 67 802
KABUR 928 616
KABUR 785 879
KABUR 729 129
KABUR 240 526
KABUR 1000 628
KABUR 763 488
KABUR 948 731
KABUR 852 393
KABUR 767 855
KABUR 774 555
KABUR 950 249
KABUR 954 644
KABUR 797 498
KABUR 155 875
KABUR 129 580
KABUR 746 271
KABUR 163 246
KABUR 98 232
KABUR 700 707
KABUR 92 940
KABUR 283 92
KABUR 773 76
KABUR 153 466
KABUR 388 532
KABUR 182 357
KABUR 980 174
KABUR 976 87
KABUR 8 696
KABUR 275 458
KABUR 234 929
KABUR 660 814
KABUR 962 984
KABUR 861 140
KABUR 557 109
KABUR 909 582
KABUR 604 214
KABUR 189 572
KABUR 369 228
KABUR 163 968
KABUR 477 491
KABUR 963 139
KABUR 325 789
KABUR 689 878
KABUR 560 936
KABUR 16 450
KABUR 483 43
KABUR 926 480
KABUR 629 5
KABUR 165 354
KABUR 187 222
KABUR 612 920
KABUR 13 196
KABUR 36 772
KABUR 943 320
KABUR 476 183
KABUR 601 286
KABUR 774 145
KABUR 184 753
KABUR 735 757
KABUR 795 852
KABUR 907 298
KABUR 318 914
KABUR 470 355
KABUR 442 7
KABUR 804 920
KABUR 363 796
KABUR 890 107
KABUR 281 367
KABUR 50 292
KABUR 687 424
KABUR 83 198
KABUR 167 102
KABUR 759 255
KABUR 805 496
KABUR 444 492
KABUR 767 285
KABUR 108 762
KABUR 628 236
KABUR 844 630
KABUR 97 868
KABUR 960 679
KABUR 901 302
KABUR 190 318
KABUR 47 766
KABUR 822 461
KABUR 618 69
KABUR 265 997
KABUR 472 522
KABUR 943 982
KABUR 996 36
KABUR 503 275
KABUR 582 994
KABUR 747 659
KABUR 275 883
KABUR 145 314
KABUR 859 790
KABUR 163 261
KABUR 345 828
KABUR 656 442
KABUR 815 705
KABUR 361 910
KABUR 375 614
KABUR 229 340
KABUR 923 242
KABUR 349 421
KABUR 989 476
KABUR 424 394
KABUR 16 395
KABUR 712 740
KABUR 445 718
KABUR 516 53
KABUR 799 116
KABUR 844 748
KABUR 8 518
KABUR 816 221
KABUR 625 24
KABUR 146 967
KABUR 702 44
KABUR 118 324
KABUR 184 46
KABUR 145 348
KABUR 97 385
KABUR 976 138
KABUR 363 480
KABUR 708 109
KABUR 978 62
KABUR 477 657
KABUR 981 447
KABUR 140 540
KABUR 425 180
KABUR 303 841
KABUR 814 603
KABUR 648 160
KABUR 744 997
KABUR 879 500
KABUR 287 903
KABUR 908 444
KABUR 223 537
KABUR 533 474
KABUR 561 914
KABUR 134 607
KABUR 376 897
KABUR 604 389
KABUR 349 710
KABUR 673 387
KABUR 36 839
KABUR 52 181
KABUR 349 99
KABUR 422 466
KABUR 811 931
KABUR 485 412
KABUR 256 667
KABUR 108 203
KABUR 247 118
KABUR 505 682
KABUR 257 984
KABUR 335 449
KABUR 441 625
KABUR 842 361
KABUR 496 128
KABUR 901 747
KABUR 785 742
KABUR 983 266
KABUR 94 455
KABUR 449 884
KABUR 337 973
KABUR 802 453
KABUR 484 589
KABUR 771 779
KABUR 794 527
KABUR 884 531
KABUR 531 474
KABUR 213 859
KABUR 628 814
KABUR 342 894
KABUR 989 960
KABUR 775 699
KABUR 649 849
KABUR 240 198
KABUR 49 583
KABUR 539 398
KABUR 858 131
KABUR 533 477
KABUR 962 594
KABUR 49 419
KABUR 487 252
KABUR 588 28
KABUR 400 640
KABUR 114 277
KABUR 401 286
KABUR 632 811
KABUR 676 811
KABUR 888 332
KABUR 691 561
KABUR 752 539
KABUR 623 484
KABUR 563 208
KABUR 612 934
KABUR 46 870
KABUR 226 723
KABUR 356 220
KABUR 262 918
KABUR 691 341
KABUR 647 227
KABUR 133 632
KABUR 65 355
KABUR 784 504
KABUR 581 915
KABUR 742 340
KABUR 759 84
KABUR 606 776
KABUR 535 541
KABUR 593 387
KABUR 265 941
KABUR 69 39
KABUR 501 313
KABUR 318 309
KABUR 751 684
KABUR 992 726
KABUR 144 834
KABUR 30 906
KABUR 275 28
KABUR 823 5
KABUR 737 671
KABUR 203 853
KABUR 453 332
KABUR 322 454
KABUR 953 258
KABUR 597 14
KABUR 248 288
KABUR 843 801
KABUR 561 691
KABUR 430 38
KABUR 746 358
KABUR 275 591
KABUR 315 149
KABUR 254 709
KABUR 503 705
KABUR 683 179
KABUR 239 431
KABUR 646 862
KABUR 310 769
KABUR 140 307
KABUR 229 187
KABUR 920 169
KABUR 937 311
KABUR 207 234
KABUR 640 242
KABUR 268 47
KABUR 344 276
KABUR 813 665
KABUR 432 452
KABUR 52 865
KABUR 365 634
KABUR 934 832
KABUR 647 859
KABUR 840 95
KABUR 393 833
KABUR 309 577
KABUR 196 312
KABUR 201 388
KABUR 60 418
KABUR 289 268
KABUR 434 940
KABUR 865 608
KABUR 96 207
KABUR 173 203
KABUR 528 456
KABUR 840 28
KABUR 334 360
KABUR 688 414
KABUR 273 452
KABUR 823 929
KABUR 614 414
KABUR 516 623
KABUR 645 506
KABUR 960 440
KABUR 402 738
KABUR 10 319
KABUR 853 99
KABUR 195 290
KABUR 42 294
KABUR 707 621
KABUR 530 704
KABUR 410 952
KABUR 345 714
KABUR 423 37
KABUR 822 49
KABUR 405 803
KABUR 829 271
KABUR 457 814
KABUR 256 480
KABUR 837 444
KABUR 50 870
KABUR 48 641
KABUR 515 534
KABUR 140 196
KABUR 311 193
KABUR 167 160
KABUR 39 556
KABUR 314 820
KABUR 294 632
KABUR 165 987
KABUR 948 954
KABUR 345 933
KABUR 663 732
KABUR 188 708
KABUR 382 194
KABUR 713 216
KABUR 524 319
KABUR 229 324
KABUR 483 989
KABUR 364 190
KABUR 94 440
KABUR 281 643
KABUR 197 492
KABUR 817 936
KABUR 861 98
KABUR 297 570
KABUR 534 440
KABUR 299 359
KABUR 283 446
KABUR 526 483
KABUR 565 617
KABUR 403 36
KABUR 672 579
KABUR 969 815
KABUR 861 721
KABUR 633 345
KABUR 575 412
KABUR 994 406
KABUR 14 329
KABUR 550 829
KABUR 159 81
KABUR 524 441
KABUR 305 641
KABUR 380 546
KABUR 441 707
KABUR 742 586
KABUR 207 996
KABUR 651 329
KABUR 303 236
KABUR 354 538
KABUR 161 465
KABUR 293 627
KABUR 506 348
KABUR 265 409
KABUR 705 426
KABUR 738 362
KABUR 650 772
KABUR 100 896
KABUR 70 207
KABUR 779 85
KABUR 521 453
KABUR 404 66
KABUR 651 83
KABUR 282 870
KABUR 152 193
KABUR 746 261
KABUR 848 917
KABUR 567 718
KABUR 543 512
KABUR 230 804
KABUR 46 191
KABUR 931 815
KABUR 664 851
KABUR 811 952
KABUR 254 626
KABUR 304 984
KABUR 516 163
KABUR 752 513
KABUR 226 854
KABUR 598 259
KABUR 611 114
KABUR 680 785
KABUR 177 125
KABUR 431 233
KABUR 287 816
KABUR 634 520
KABUR 182 456
KABUR 123 324
KABUR 9 926
KABUR 704 352
KABUR 592 584
KABUR 147 979
KABUR 953 310
KABUR 355 137
KABUR 554 718
KABUR 513 353
KABUR 969 112
KABUR 732 45
KABUR 356 482
KABUR 285 397
KABUR 881 405
KABUR 852 428
KABUR 119 294
KABUR 465 617
KABUR 795 958
KABUR 931 696
KABUR 61 875
KABUR 981 895
KABUR 208 605
KABUR 356 729
KABUR 853 529
KABUR 82 870
KABUR 984 418
KABUR 998 473
KABUR 938 731
KABUR 114 1
KABUR 549 942
KABUR 996 440
KABUR 300 552
KABUR 77 527
KABUR 896 946
KABUR 349 816
KABUR 867 426
KABUR 941 699
KABUR 937 64
KABUR 99 930
KABUR 130 857
KABUR 922 284
KABUR 34 264
KABUR 471 725
KABUR 650 280
KABUR 933 637
KABUR 524 315
KABUR 130 301
KABUR 394 430
KABUR 536 941
KABUR 151 850
KABUR 773 929
KABUR 52 693
KABUR 307 23
KABUR 125 655
KABUR 129 330
KABUR 250 926
KABUR 839 18
KABUR 759 682
KABUR 246 690
KABUR 259 337
KABUR 406 217
KABUR 413 820
KABUR 791 410
KABUR 578 480
KABUR 753 275
KABUR 448 39
KABUR 555 250
KABUR 23 196
KABUR 455 739
KABUR 995 74
KABUR 308 59
KABUR 123 606
KABUR 739 425
KABUR 253 208
KABUR 715 791
KABUR 896 223
KABUR 158 845
KABUR 992 882
KABUR 417 599
KABUR 85 407
KABUR 80 482
KABUR 508 807
KABUR 415 467
KABUR 917 184
KABUR 410 976
KABUR 827 746
KABUR 214 556
KABUR 999 507
KABUR 502 655
KABUR 822 51
KABUR 407 52
KABUR 990 824
KABUR 412 170
KABUR 925 396
KABUR 386 84
KABUR 154 690
KABUR 69 601
KABUR 962 148
KABUR 906 756
KABUR 980 24
KABUR 739 508
KABUR 957 310
KABUR 406 526
KABUR 678 116
KABUR 110 830
KABUR 633 858
KABUR 200 706
KABUR 463 334
KABUR 64 543
KABUR 796 386
KABUR 106 505
KABUR 537 801
