1000 2000
2 1 9 7
3 1 6 6
4 2 4 3
5 4 4 9
6 3 6 6
7 5 10 9
8 4 7 7
9 2 3 5
10 5 10 9
11 5 2 4
12 3 3 3
13 10 3 7
14 9 7 5
15 8 6 5
16 4 3 6
17 16 10 10
18 11 6 4
19 11 10 5
20 15 9 9
21 14 2 9
22 16 7 10
23 9 1 3
24 12 3 3
25 10 6 7
26 9 2 6
27 8 5 7
28 23 6 7
29 24 8 1
30 12 1 5
31 9 8 5
32 12 3 8
33 18 8 10
34 17 3 2
35 31 9 8
36 28 10 9
37 13 5 7
38 36 1 6
39 9 4 5
40 28 6 4
41 19 5 10
42 41 3 4
43 33 8 8
44 35 10 8
45 18 3 6
46 10 6 1
47 39 4 4
48 18 5 4
49 25 7 10
50 9 1 1
51 5 2 8
52 24 2 9
53 4 8 8
54 31 9 6
55 45 5 1
56 10 8 4
57 15 10 3
58 37 10 7
59 54 1 6
60 47 5 7
61 20 3 3
62 30 2 1
63 38 8 1
64 42 10 8
65 63 2 4
66 45 7 1
67 65 7 1
68 41 8 8
69 51 1 4
70 59 10 7
71 45 9 6
72 69 6 9
73 5 1 3
74 67 6 9
75 39 6 1
76 60 8 6
77 25 6 3
78 29 6 4
79 78 9 9
80 65 1 3
81 59 9 10
82 11 7 4
83 60 2 1
84 27 4 2
85 50 6 4
86 23 1 7
87 48 2 2
88 76 4 6
89 52 4 3
90 78 4 1
91 85 9 3
92 2 8 8
93 12 2 5
94 67 2 10
95 33 1 3
96 41 3 7
97 5 8 9
98 56 1 7
99 47 5 3
100 90 7 3
101 9 5 10
102 62 3 4
103 25 9 10
104 97 3 1
105 46 3 8
106 94 7 9
107 56 6 1
108 11 10 6
109 18 7 8
110 104 6 5
111 13 10 10
112 54 7 10
113 20 1 6
114 32 3 3
115 84 3 3
116 33 5 9
117 48 10 3
118 117 10 6
119 28 1 5
120 54 8 4
121 98 4 6
122 98 2 4
123 37 5 4
124 92 9 10
125 92 8 6
126 51 1 3
127 79 8 5
128 64 3 10
129 98 7 3
130 106 4 8
131 18 4 10
132 84 4 4
133 15 6 5
134 14 7 7
135 12 4 8
136 63 4 7
137 112 3 2
138 109 8 8
139 116 5 2
140 115 9 2
141 122 7 8
142 36 2 4
143 69 1 6
144 56 4 3
145 6 6 2
146 135 10 1
147 25 5 4
148 93 1 6
149 131 6 8
150 11 9 1
151 67 2 4
152 40 6 6
153 96 1 5
154 107 1 2
155 42 4 9
156 89 8 8
157 152 1 10
158 110 5 5
159 77 9 8
160 31 10 3
161 120 8 8
162 122 5 2
163 35 1 5
164 144 5 7
165 110 6 6
166 43 5 10
167 75 8 4
168 63 2 7
169 42 10 2
170 85 8 2
171 124 6 2
172 5 3 10
173 19 6 5
174 7 2 7
175 133 10 2
176 122 5 4
177 112 4 7
178 99 3 1
179 28 6 7
180 35 6 7
181 73 5 2
182 115 4 5
183 56 7 1
184 131 7 10
185 46 2 6
186 151 1 10
187 98 5 1
188 141 10 9
189 37 3 9
190 73 4 8
191 1 1 9
192 172 6 4
193 167 4 8
194 128 9 8
195 168 4 4
196 174 2 6
197 145 3 4
198 32 1 4
199 66 9 7
200 90 1 8
201 125 7 2
202 137 1 10
203 172 1 7
204 9 6 5
205 95 6 1
206 81 1 1
207 97 9 10
208 72 4 4
209 115 2 5
210 172 1 9
211 43 7 3
212 152 4 3
213 20 6 7
214 2 9 1
215 165 9 7
216 148 7 3
217 157 3 3
218 6 6 6
219 179 6 9
220 83 2 4
221 62 1 10
222 20 10 4
223 121 4 4
224 145 1 10
225 109 8 6
226 12 10 5
227 130 9 9
228 4 10 8
229 128 8 8
230 36 5 6
231 198 9 5
232 226 3 7
233 55 10 9
234 180 8 1
235 33 6 2
236 111 3 1
237 109 9 2
238 125 4 3
239 172 1 2
240 197 7 10
241 62 6 8
242 235 6 2
243 9 10 1
244 123 3 5
245 207 1 1
246 27 2 5
247 125 3 7
248 183 6 10
249 43 10 7
250 196 5 7
251 17 4 1
252 55 10 8
253 75 1 6
254 241 8 10
255 10 8 5
256 214 9 4
257 76 7 2
258 140 2 9
259 201 8 9
260 229 1 6
261 103 5 2
262 152 8 4
263 99 1 4
264 175 1 4
265 10 3 2
266 186 8 3
267 143 3 7
268 66 9 9
269 10 5 6
270 62 1 1
271 177 5 10
272 260 9 4
273 240 2 4
274 170 9 7
275 209 2 10
276 90 6 3
277 263 5 5
278 10 4 1
279 197 1 1
280 61 3 7
281 10 1 9
282 279 3 8
283 152 3 5
284 39 7 4
285 21 10 3
286 131 4 4
287 209 8 7
288 277 10 10
289 259 7 2
290 285 10 10
291 195 2 1
292 217 7 8
293 227 9 6
294 123 5 6
295 189 5 1
296 216 7 1
297 77 7 9
298 82 7 4
299 262 1 7
300 13 8 2
301 144 4 5
302 222 6 4
303 36 4 5
304 126 3 8
305 108 5 9
306 51 6 10
307 103 2 5
308 25 7 1
309 54 8 6
310 251 4 10
311 227 1 1
312 290 9 2
313 210 3 5
314 66 5 1
315 93 1 4
316 191 10 5
317 278 3 1
318 241 3 1
319 172 3 9
320 315 7 7
321 82 8 9
322 181 4 9
323 119 4 1
324 240 8 3
325 310 5 10
326 38 4 5
327 195 10 5
328 253 2 3
329 192 9 10
330 39 9 4
331 207 7 1
332 180 4 9
333 101 2 4
334 171 2 4
335 1 2 2
336 215 3 9
337 207 4 7
338 310 1 5
339 267 10 3
340 179 2 8
341 254 4 5
342 126 4 6
343 187 8 10
344 204 1 4
345 25 5 3
346 260 9 8
347 315 5 1
348 174 7 7
349 180 4 3
350 315 9 2
351 245 6 5
352 279 10 4
353 186 7 2
354 55 1 5
355 118 6 4
356 190 2 10
357 294 5 5
358 121 1 4
359 288 8 7
360 208 7 8
361 156 1 7
362 150 4 3
363 81 9 9
364 86 10 3
365 184 10 9
366 280 8 9
367 138 9 8
368 176 7 9
369 27 5 9
370 118 1 10
371 21 8 8
372 359 4 7
373 311 5 7
374 192 8 3
375 150 9 9
376 164 1 4
377 89 5 2
378 141 3 8
379 310 10 4
380 60 6 1
381 131 9 4
382 125 10 9
383 271 4 8
384 284 10 7
385 186 6 9
386 162 2 10
387 142 3 2
388 5 5 9
389 163 5 10
390 178 7 7
391 59 3 7
392 31 6 8
393 392 5 7
394 231 8 7
395 203 4 1
396 96 5 1
397 66 9 7
398 240 4 5
399 230 10 1
400 366 8 5
401 302 9 6
402 256 7 8
403 220 3 10
404 320 2 6
405 307 7 7
406 206 5 9
407 382 10 6
408 160 9 10
409 265 2 9
410 87 7 6
411 204 10 5
412 12 1 9
413 157 8 7
414 239 8 8
415 9 8 4
416 352 2 6
417 210 2 9
418 304 3 2
419 111 5 5
420 190 2 8
421 415 2 1
422 365 8 6
423 381 6 5
424 328 3 3
425 276 6 5
426 162 3 7
427 307 9 9
428 323 5 2
429 180 3 1
430 134 8 2
431 86 1 1
432 112 9 2
433 347 8 2
434 46 3 2
435 63 2 2
436 419 8 1
437 196 2 10
438 7 10 2
439 352 9 5
440 307 9 8
441 89 3 8
442 218 8 8
443 430 9 9
444 15 3 1
445 164 8 3
446 83 5 4
447 95 5 1
448 19 10 3
449 66 8 2
450 225 6 2
451 364 2 5
452 275 7 9
453 164 7 7
454 349 2 10
455 123 2 5
456 17 7 1
457 448 3 4
458 218 3 1
459 149 8 8
460 320 8 8
461 55 5 1
462 341 5 2
463 438 7 9
464 173 6 4
465 319 8 3
466 353 9 10
467 45 1 5
468 24 2 9
469 401 3 8
470 36 3 10
471 135 5 5
472 380 2 1
473 17 8 4
474 279 9 10
475 149 2 5
476 461 9 8
477 127 4 3
478 22 7 10
479 383 1 4
480 149 4 7
481 458 4 10
482 408 3 2
483 358 7 4
484 356 9 1
485 273 8 9
486 116 1 2
487 206 6 10
488 214 5 2
489 477 4 8
490 291 7 9
491 481 1 1
492 394 7 3
493 282 3 7
494 182 2 4
495 147 3 1
496 199 5 5
497 380 10 10
498 84 10 9
499 476 8 5
500 280 3 3
501 350 4 7
502 118 7 2
503 202 7 5
504 201 7 8
505 458 9 7
506 496 2 8
507 233 8 7
508 125 7 9
509 126 6 8
510 489 9 2
511 232 1 10
512 135 6 3
513 171 2 10
514 126 5 7
515 433 1 6
516 338 5 7
517 490 1 9
518 1 3 2
519 398 2 9
520 288 9 5
521 18 3 1
522 128 8 4
523 52 9 8
524 428 5 10
525 518 9 6
526 428 5 4
527 280 5 2
528 164 5 9
529 241 7 9
530 374 9 4
531 362 2 8
532 111 10 9
533 507 7 4
534 170 6 2
535 92 9 7
536 488 6 7
537 403 10 7
538 238 8 7
539 208 9 5
540 354 6 10
541 318 5 8
542 454 7 6
543 109 5 8
544 149 7 3
545 324 5 3
546 131 7 2
547 253 3 6
548 449 7 9
549 248 5 7
550 248 6 10
551 202 6 10
552 292 7 4
553 519 1 6
554 245 2 7
555 111 6 2
556 416 10 5
557 377 4 8
558 320 10 2
559 29 5 9
560 91 3 10
561 286 2 1
562 155 6 10
563 452 6 1
564 145 7 9
565 41 9 8
566 239 10 7
567 534 7 7
568 221 2 7
569 428 8 1
570 54 1 6
571 17 9 8
572 241 5 10
573 85 10 2
574 466 6 7
575 28 5 7
576 35 6 2
577 565 1 2
578 575 10 3
579 266 3 2
580 467 3 4
581 6 1 5
582 244 5 7
583 50 2 10
584 248 8 4
585 444 5 5
586 161 3 6
587 228 2 2
588 385 4 9
589 61 3 9
590 142 2 9
591 480 8 2
592 47 9 8
593 499 10 5
594 227 4 6
595 66 2 4
596 568 3 4
597 387 1 7
598 277 7 1
599 535 10 6
600 489 5 10
601 70 4 4
602 381 3 8
603 102 5 9
604 107 4 7
605 117 7 10
606 125 10 3
607 443 10 2
608 247 4 10
609 223 5 4
610 585 8 6
611 486 1 10
612 490 6 3
613 584 9 8
614 597 9 8
615 582 5 8
616 281 1 8
617 362 7 3
618 60 10 9
619 376 9 4
620 389 10 9
621 81 4 9
622 255 4 2
623 547 6 7
624 255 4 9
625 497 4 3
626 141 7 9
627 539 6 10
628 317 8 7
629 37 9 9
630 307 3 8
631 165 1 1
632 508 5 10
633 159 6 2
634 137 4 3
635 616 6 8
636 567 5 7
637 586 2 10
638 125 6 9
639 379 9 4
640 413 3 1
641 33 8 2
642 380 3 6
643 17 1 7
644 401 3 10
645 502 7 5
646 137 4 3
647 75 8 10
648 502 2 6
649 55 7 2
650 360 8 5
651 485 9 10
652 566 1 7
653 78 5 10
654 122 4 9
655 273 1 9
656 229 6 4
657 231 9 9
658 314 7 7
659 362 5 10
660 104 4 2
661 423 6 9
662 414 10 10
663 516 4 8
664 322 6 2
665 465 5 1
666 597 2 7
667 294 6 10
668 657 2 1
669 170 2 3
670 660 1 2
671 491 4 1
672 34 9 5
673 571 3 7
674 305 8 6
675 302 2 8
676 60 2 3
677 165 6 8
678 112 6 8
679 488 9 10
680 593 5 6
681 629 10 4
682 305 3 7
683 289 6 5
684 200 1 7
685 218 5 8
686 555 10 9
687 99 9 8
688 277 1 10
689 501 1 10
690 671 7 5
691 263 7 10
692 13 6 5
693 246 7 6
694 319 3 5
695 441 5 7
696 669 2 1
697 132 8 8
698 375 7 9
699 358 3 3
700 150 6 8
701 147 7 8
702 491 8 1
703 507 1 8
704 518 5 2
705 301 5 7
706 43 3 2
707 693 5 7
708 449 5 10
709 172 3 2
710 627 4 10
711 391 9 10
712 350 5 1
713 596 3 3
714 528 3 5
715 104 9 3
716 102 10 4
717 363 7 2
718 441 7 2
719 199 6 9
720 283 4 1
721 27 1 9
722 703 2 1
723 150 2 4
724 329 3 1
725 457 10 2
726 342 8 5
727 86 3 3
728 359 1 7
729 478 1 10
730 257 2 3
731 308 6 3
732 310 10 5
733 304 1 5
734 15 4 7
735 15 1 3
736 473 7 4
737 55 9 9
738 570 9 8
739 400 10 5
740 287 10 6
741 123 4 7
742 467 4 2
743 249 9 7
744 667 6 1
745 210 4 9
746 713 5 2
747 214 6 8
748 327 5 1
749 72 7 8
750 360 4 8
751 736 4 5
752 566 10 9
753 202 5 4
754 689 4 2
755 701 2 3
756 256 8 9
757 316 1 9
758 753 9 1
759 144 3 5
760 155 10 4
761 529 6 9
762 650 5 10
763 725 2 1
764 138 4 8
765 673 2 4
766 324 10 9
767 726 5 8
768 168 2 2
769 538 6 5
770 435 3 1
771 718 10 5
772 266 4 8
773 54 1 7
774 76 9 8
775 754 3 10
776 181 9 10
777 401 1 2
778 604 10 2
779 221 2 2
780 421 3 10
781 610 1 1
782 337 1 8
783 227 8 7
784 72 5 5
785 593 7 9
786 624 3 8
787 487 7 10
788 588 1 5
789 212 10 4
790 264 5 7
791 190 1 9
792 631 3 3
793 20 3 5
794 700 5 5
795 52 8 4
796 121 3 1
797 650 2 2
798 577 4 10
799 121 9 2
800 226 4 4
801 405 2 9
802 751 1 6
803 184 1 6
804 32 4 10
805 105 7 10
806 417 2 7
807 308 5 5
808 658 1 8
809 776 9 3
810 239 8 9
811 124 7 5
812 396 6 5
813 631 6 8
814 570 4 1
815 326 6 4
816 535 5 2
817 160 4 10
818 113 2 9
819 231 5 7
820 434 4 3
821 679 10 4
822 726 5 4
823 182 5 5
824 479 10 1
825 551 1 5
826 101 6 2
827 611 1 10
828 760 7 6
829 348 5 8
830 258 7 2
831 760 4 2
832 7 9 2
833 169 1 2
834 531 7 9
835 540 3 7
836 666 3 5
837 745 2 6
838 720 7 1
839 516 1 1
840 734 9 3
841 504 9 2
842 615 1 8
843 259 1 1
844 427 10 4
845 133 5 9
846 689 4 6
847 99 3 3
848 263 7 4
849 55 9 2
850 345 4 9
851 111 7 8
852 334 3 2
853 375 4 3
854 385 9 7
855 148 10 10
856 47 4 5
857 722 1 6
858 760 2 9
859 626 8 1
860 825 6 2
861 406 4 8
862 636 4 7
863 575 4 4
864 574 1 5
865 404 10 5
866 68 9 8
867 50 1 1
868 520 9 4
869 513 5 5
870 593 8 4
871 491 6 5
872 642 6 9
873 271 7 10
874 56 4 2
875 778 10 1
876 67 8 6
877 755 8 6
878 774 8 3
879 484 8 3
880 847 4 1
881 247 10 10
882 855 10 2
883 314 4 6
884 362 1 9
885 147 2 7
886 308 10 2
887 735 3 7
888 2 2 2
889 846 1 10
890 861 5 3
891 698 8 6
892 424 4 8
893 20 3 5
894 623 9 2
895 737 5 1
896 751 2 6
897 152 9 10
898 468 8 2
899 555 6 4
900 460 10 7
901 666 1 6
902 739 4 5
903 136 3 7
904 605 7 9
905 231 7 3
906 643 1 7
907 852 6 3
908 771 9 10
909 670 2 8
910 329 8 10
911 104 1 2
912 790 10 2
913 799 4 3
914 533 7 8
915 521 2 2
916 111 3 4
917 748 9 1
918 192 10 7
919 840 6 4
920 683 4 3
921 794 2 1
922 313 1 10
923 768 7 8
924 390 5 2
925 707 9 1
926 919 6 2
927 189 10 9
928 151 6 9
929 308 9 10
930 234 5 6
931 820 3 7
932 489 7 6
933 586 1 1
934 700 4 3
935 119 8 7
936 146 3 7
937 31 10 5
938 763 5 3
939 308 3 2
940 264 3 3
941 516 3 9
942 591 6 9
943 736 6 2
944 21 9 1
945 847 7 3
946 240 6 10
947 434 5 8
948 907 7 9
949 52 3 5
950 847 5 8
951 933 1 5
952 312 3 3
953 862 3 2
954 247 8 10
955 410 3 7
956 36 3 8
957 110 1 8
958 69 3 3
959 479 6 10
960 781 4 1
961 680 9 5
962 465 1 10
963 589 1 8
964 780 2 9
965 419 4 6
966 39 4 4
967 66 2 7
968 294 8 10
969 887 7 4
970 226 7 4
971 32 6 7
972 619 6 9
973 111 5 1
974 528 7 3
975 804 2 4
976 718 4 3
977 87 5 8
978 587 2 8
979 933 10 10
980 655 5 9
981 61 6 6
982 917 6 4
983 450 9 3
984 233 3 4
985 299 10 10
986 353 3 1
987 96 9 5
988 932 7 1
989 565 9 7
990 102 9 5
991 793 8 3
992 603 2 2
993 981 9 1
994 600 4 2
995 394 7 6
996 534 10 9
997 532 9 6
998 490 10 2
999 21 9 10
1000 870 10 5
720 982 2 8
796 927 8 5
181 841 9 10
194 534 2 5
901 902 6 1
811 636 10 1
128 319 4 7
657 803 7 1
383 398 10 9
35 3 5 8
964 554 9 9
226 342 8 7
951 69 7 7
601 540 7 9
210 305 9 4
296 295 9 3
445 5 3 10
543 247 3 10
953 956 1 5
617 518 3 6
648 709 6 9
93 460 3 5
234 634 7 3
621 467 10 10
345 285 10 5
283 211 3 8
701 453 3 7
486 342 8 10
391 741 5 8
504 677 9 1
505 45 9 6
569 24 5 6
451 165 3 3
156 840 9 9
246 448 1 1
97 351 6 4
364 573 2 2
360 53 2 2
502 415 6 7
219 412 3 8
867 653 4 1
388 549 10 1
94 994 8 4
202 264 1 2
424 518 4 9
703 342 4 8
265 25 4 1
852 857 7 1
578 38 2 7
58 114 8 5
389 709 8 6
769 721 7 10
186 6 4 1
364 608 7 3
138 828 7 5
754 831 1 8
919 391 8 3
46 407 3 1
377 784 3 1
463 419 5 1
418 351 4 10
183 265 1 7
162 559 2 5
463 996 9 8
66 464 10 10
32 413 5 9
628 19 5 1
195 236 9 6
424 377 10 4
209 915 10 10
223 154 2 1
578 178 3 4
235 177 9 3
969 723 10 6
821 286 2 10
693 22 6 3
468 626 7 6
488 589 8 2
883 734 6 2
692 448 6 5
227 507 6 8
256 377 6 1
932 626 2 4
494 136 3 7
431 132 6 10
430 111 7 6
214 834 3 10
307 574 1 1
529 149 9 5
909 871 4 2
201 246 8 4
116 203 4 7
568 526 7 7
11 834 8 8
166 438 6 1
17 933 2 6
917 271 4 7
248 622 2 1
405 490 10 8
745 717 9 10
359 240 6 1
837 940 8 5
437 90 2 9
189 748 9 9
559 9 5 1
906 45 9 3
135 870 7 2
12 144 5 1
237 554 2 2
254 543 7 8
418 767 1 2
327 107 3 9
536 628 5 9
818 692 7 3
671 595 4 9
206 652 7 1
584 477 7 6
141 627 1 3
485 723 6 4
712 442 9 10
343 63 5 7
240 723 8 3
941 120 5 8
430 487 7 6
754 512 6 9
698 838 3 8
311 536 1 8
295 170 1 8
564 282 7 8
36 971 4 9
754 981 8 1
692 539 3 9
547 779 10 9
734 578 10 7
919 478 6 6
804 666 2 4
751 213 10 5
783 507 1 2
357 562 7 8
64 671 8 2
281 967 3 3
431 294 8 1
301 931 8 5
87 730 10 7
921 593 2 6
112 435 9 9
886 152 3 4
154 59 2 4
726 122 5 1
208 906 3 7
161 209 6 4
833 866 1 3
201 516 1 5
423 83 9 8
334 934 3 2
299 823 1 1
993 678 10 6
206 79 10 6
876 999 4 5
617 578 3 4
567 792 9 9
332 492 7 8
139 124 2 6
66 572 1 3
570 523 6 2
794 467 8 6
188 861 6 4
263 995 10 5
659 589 10 9
872 157 8 1
927 530 6 7
935 537 2 9
922 647 1 5
245 976 7 9
307 804 5 2
611 324 10 6
230 713 4 3
738 214 9 1
761 593 5 3
58 990 2 8
943 444 3 7
366 230 10 2
841 434 10 6
838 6 2 10
935 606 6 3
218 175 4 7
410 96 4 10
356 923 8 9
635 809 1 2
981 403 3 3
796 802 1 4
278 847 6 8
942 699 6 8
496 761 1 10
632 639 9 8
12 817 1 4
878 854 4 4
291 793 2 9
614 761 5 4
397 209 2 4
467 153 5 7
45 275 2 10
237 351 9 9
474 887 5 9
254 91 8 10
383 247 10 2
822 104 6 7
163 675 5 4
7 118 1 4
448 173 4 7
201 150 3 7
71 261 6 2
821 417 9 4
105 693 8 5
340 480 10 1
590 413 6 3
641 364 10 7
561 31 4 6
266 94 1 3
954 916 3 10
130 295 8 3
217 364 2 7
881 200 6 10
512 224 5 8
545 618 3 3
872 946 8 8
330 46 9 5
482 978 2 6
965 909 8 7
199 626 10 9
604 88 5 8
896 571 5 3
383 376 7 7
534 693 1 7
672 767 5 1
906 641 6 4
735 340 7 2
500 137 5 4
341 241 5 5
215 630 8 2
524 327 9 3
778 376 10 1
284 15 4 2
895 864 2 9
30 594 1 8
343 392 8 5
236 58 4 1
131 985 6 4
638 326 7 5
148 891 5 4
286 208 7 3
475 1000 10 1
284 369 9 3
624 920 1 10
402 795 9 1
446 877 10 10
304 757 3 8
316 87 6 6
303 193 3 10
933 608 10 2
968 561 4 5
584 496 6 8
798 652 7 7
183 800 1 4
575 932 1 3
763 435 3 3
70 563 8 8
341 519 3 2
619 920 2 5
22 776 8 10
288 453 8 4
230 965 6 4
733 260 4 6
192 815 3 1
115 628 8 9
187 64 4 5
460 232 9 5
482 968 4 8
104 231 10 3
388 473 9 5
192 524 3 3
115 483 3 5
238 726 10 7
728 600 3 1
291 856 10 2
708 392 8 6
286 281 5 2
648 405 4 1
611 740 8 5
813 200 1 4
952 984 8 1
683 49 8 7
480 520 9 4
13 585 4 9
91 524 1 5
738 666 3 3
611 452 10 5
36 629 2 8
592 739 3 4
460 162 1 7
587 192 9 9
939 82 1 9
486 678 8 3
130 495 5 10
225 165 5 3
930 26 7 6
502 477 6 6
468 987 3 9
669 481 9 9
136 835 6 10
920 489 3 5
585 789 7 8
374 846 7 3
14 639 10 10
139 312 5 7
233 116 5 6
197 930 1 2
732 925 3 10
39 668 8 3
774 562 5 3
817 95 6 8
921 597 7 2
149 859 4 5
901 390 8 7
139 835 1 6
333 455 8 5
605 495 7 1
449 88 9 1
427 984 2 3
737 587 8 3
638 951 5 10
24 568 2 2
144 941 10 2
821 569 2 9
297 283 7 4
2 350 8 10
482 994 1 2
584 249 8 2
45 603 7 2
288 938 5 6
243 686 3 8
971 555 2 1
555 974 1 10
626 12 7 6
744 571 2 3
533 919 2 5
19 406 9 6
551 677 4 4
252 648 4 9
631 13 10 7
540 490 3 1
199 3 10 9
724 566 3 1
737 446 8 8
822 339 4 2
916 231 3 4
123 523 7 5
402 632 6 4
723 119 5 7
364 274 8 10
487 200 1 9
426 349 9 10
304 751 4 2
951 682 1 10
936 365 7 4
202 819 5 1
672 723 4 8
990 233 1 2
527 770 8 5
298 756 4 2
560 380 7 7
56 789 7 10
340 984 1 4
785 406 6 4
851 240 7 8
230 472 7 5
734 157 10 5
400 659 1 10
375 713 8 4
168 849 9 7
638 619 3 1
7 970 7 9
716 285 8 10
221 152 10 5
107 368 9 2
525 707 10 6
428 646 5 7
902 596 9 10
166 230 1 9
58 814 2 4
748 346 3 1
242 367 2 5
63 36 3 5
471 59 4 5
367 219 5 5
458 288 4 5
605 273 4 9
876 954 4 8
706 600 3 5
798 23 7 6
352 575 10 10
680 763 9 10
56 465 3 6
141 589 5 1
241 997 5 1
644 358 4 4
167 206 9 2
255 560 6 2
56 555 9 5
751 899 1 5
175 623 9 6
589 865 8 4
252 945 2 8
554 202 4 1
673 996 5 7
447 40 1 1
86 271 8 9
109 204 8 7
821 517 3 10
388 726 5 6
542 229 3 2
47 831 10 7
722 522 4 10
733 289 2 8
899 516 7 9
992 941 4 10
777 371 3 5
626 819 9 6
917 314 5 1
122 324 5 2
985 72 6 10
314 994 4 9
381 656 7 3
690 798 7 4
755 938 2 1
741 960 4 7
907 167 1 1
43 313 2 1
526 607 9 10
604 531 10 7
334 69 1 9
194 807 4 10
75 185 1 8
655 597 5 10
127 364 7 4
586 791 7 6
82 374 8 10
781 549 8 9
949 610 1 2
777 665 5 9
562 664 5 8
135 795 7 7
785 769 1 4
199 429 10 4
268 358 4 6
268 391 9 9
547 311 8 7
501 835 3 1
55 143 6 1
421 769 1 6
186 22 6 4
483 315 8 6
132 981 1 3
257 505 9 5
246 381 5 10
48 733 2 2
378 23 4 3
537 887 8 9
496 988 2 10
333 801 10 10
50 525 7 3
901 811 4 8
856 219 4 7
530 119 6 5
115 47 6 9
108 557 5 1
589 218 2 1
53 511 10 8
279 725 4 2
63 190 7 7
944 761 3 1
545 754 7 5
195 519 4 1
85 492 7 5
161 424 1 3
844 470 10 10
393 477 8 10
151 113 7 2
703 143 8 9
215 301 1 4
225 287 1 1
572 547 6 1
18 287 7 10
65 477 5 7
578 526 5 1
437 796 7 3
587 126 2 5
818 552 2 6
53 632 2 10
226 546 10 8
66 885 10 8
92 836 6 6
82 486 6 5
922 943 7 1
798 981 6 1
613 403 3 3
992 609 3 7
157 914 6 6
136 892 1 7
109 644 3 7
559 911 1 9
333 602 3 7
191 964 2 10
221 71 6 7
608 602 6 8
87 929 6 9
188 707 7 3
5 724 8 1
995 881 6 2
502 134 1 5
118 851 1 3
772 858 6 8
967 403 7 8
992 753 5 7
166 987 3 9
962 476 10 9
157 442 8 6
421 794 10 1
652 379 5 2
857 471 7 5
92 501 9 1
790 649 2 4
983 771 8 9
958 172 6 1
605 540 2 9
907 279 3 6
920 235 8 9
428 115 7 10
712 863 7 3
795 178 7 10
630 155 9 6
929 732 6 3
988 542 6 2
254 371 8 5
554 915 10 9
333 128 4 9
650 49 6 3
502 923 6 10
955 595 7 10
193 997 10 4
377 248 4 1
216 616 9 8
42 491 3 3
965 684 8 7
649 772 10 2
863 883 4 8
991 35 6 7
904 638 9 2
252 771 3 9
433 197 5 1
209 908 3 5
931 746 7 3
952 598 7 10
22 925 4 2
401 20 8 9
501 79 8 5
45 478 2 5
71 394 1 5
670 708 1 7
791 815 10 3
724 761 6 5
468 310 2 1
409 541 6 2
104 241 5 1
109 433 3 1
500 808 9 4
49 165 7 10
713 261 3 5
911 380 5 9
376 248 10 6
63 182 7 6
634 282 4 6
514 52 8 5
63 846 2 10
690 271 9 3
722 394 1 2
104 672 3 8
850 34 3 5
379 360 1 4
129 420 6 10
222 879 6 10
745 116 4 1
234 112 2 8
793 137 1 9
359 875 9 4
3 940 5 7
862 849 8 2
655 615 2 6
577 931 10 4
720 250 9 5
496 938 9 7
22 879 9 2
188 847 5 8
433 718 6 7
183 739 5 5
60 609 10 10
513 87 2 1
542 257 3 8
580 524 8 5
593 582 3 1
656 811 7 2
270 873 4 9
70 125 7 2
918 516 10 1
600 260 9 5
26 415 6 5
886 815 8 1
467 588 9 1
986 512 7 2
889 700 3 9
348 704 4 1
911 111 9 6
981 24 7 4
836 406 2 7
383 905 10 7
155 860 4 3
258 916 10 3
443 335 3 7
24 131 8 6
278 682 6 5
296 469 6 4
93 838 8 8
694 732 8 1
929 371 5 9
328 9 7 10
979 147 3 6
746 822 8 1
643 454 7 2
274 58 9 4
580 101 2 8
187 951 10 10
21 459 4 7
269 182 5 9
625 102 6 1
98 825 5 5
159 417 9 4
74 823 5 1
857 413 10 8
214 395 10 3
112 578 6 4
664 716 8 5
893 58 10 4
816 748 9 7
121 861 8 9
32 285 2 9
404 853 5 3
872 870 5 4
65 242 6 7
985 562 10 2
7 446 9 10
37 744 10 9
785 594 2 5
76 394 10 2
334 45 4 7
880 682 2 1
704 955 4 2
353 767 8 6
216 795 8 9
648 228 7 4
687 718 2 8
823 608 2 3
326 870 7 10
182 78 3 1
149 147 4 2
526 814 4 10
903 735 5 1
809 520 8 3
235 659 5 10
719 567 5 8
916 959 7 3
282 202 1 1
729 476 4 5
754 268 7 1
356 100 5 8
961 965 2 10
582 944 1 7
895 949 2 6
840 984 8 8
589 631 10 3
451 645 9 5
404 995 4 7
312 962 9 2
846 369 4 7
919 469 4 8
180 964 10 4
259 177 8 2
38 764 4 5
91 823 10 5
741 754 1 10
193 919 5 9
418 966 2 6
886 299 9 5
255 971 8 8
803 195 2 8
837 657 1 8
625 1000 5 2
35 225 4 4
465 741 5 4
101 75 4 4
956 288 5 9
569 26 3 4
35 173 7 10
226 158 3 5
206 698 3 8
80 528 1 9
943 707 4 7
733 649 3 6
688 382 6 3
33 154 7 7
280 935 8 2
454 900 8 6
177 948 9 3
852 352 1 1
836 449 1 4
292 63 6 4
794 253 10 9
264 338 3 5
611 641 1 5
40 322 1 5
866 39 7 4
53 16 1 5
367 399 8 4
449 205 1 7
26 699 2 1
636 338 1 6
357 867 8 6
464 448 10 3
433 601 1 10
661 248 1 5
552 558 7 10
132 739 4 2
896 618 1 1
783 722 3 10
317 670 5 5
830 918 10 9
983 44 1 2
115 32 10 7
287 61 2 10
254 345 4 9
101 441 1 4
600 466 8 7
820 225 1 4
187 101 3 1
979 375 6 3
287 833 1 2
588 748 6 9
205 896 8 8
144 792 4 5
287 851 5 7
968 157 7 4
950 987 1 3
133 195 9 6
433 338 4 7
536 771 6 5
939 191 10 1
810 120 3 8
205 188 6 3
715 408 5 10
271 27 7 8
630 470 2 6
826 395 5 2
130 387 3 4
8 462 2 5
25 127 5 6
769 726 1 8
300 908 9 2
398 266 8 9
996 954 8 5
753 580 5 10
506 723 5 8
338 862 7 5
383 615 4 6
475 863 3 4
43 448 4 8
812 849 7 10
345 62 2 10
374 662 4 1
441 851 8 7
547 413 10 5
755 864 6 8
883 137 3 3
153 548 9 7
599 185 6 3
820 563 2 9
105 40 9 7
109 532 3 9
18 333 7 4
597 344 8 8
849 419 7 10
157 169 2 6
106 737 5 9
798 655 10 2
403 610 1 1
360 332 10 1
471 182 2 1
830 545 7 7
390 141 2 9
975 110 6 5
290 426 10 3
149 844 6 4
515 756 5 10
497 477 8 1
930 790 2 2
804 242 1 3
641 160 8 5
575 691 9 4
73 802 6 1
419 377 7 6
881 119 6 7
409 750 8 7
132 567 4 7
569 347 8 10
387 10 5 3
318 272 1 8
525 411 4 7
999 839 6 2
670 354 9 7
335 520 2 6
996 920 2 2
717 436 7 4
146 53 10 1
555 942 10 9
665 580 10 6
930 820 8 8
224 997 6 3
898 18 10 3
722 233 4 4
270 182 7 9
408 841 10 3
430 251 2 8
194 350 9 5
258 250 7 1
449 632 10 8
221 587 3 8
903 282 5 6
366 312 10 1
716 420 9 2
15 514 7 4
929 591 3 8
201 128 9 4
864 660 6 4
373 102 8 6
810 900 9 4
148 746 6 5
614 392 7 10
455 656 4 8
47 937 8 9
86 207 9 7
590 832 10 10
972 592 1 6
83 686 3 3
56 677 6 1
919 300 1 8
293 46 1 7
627 19 6 1
106 677 3 4
569 988 4 6
897 403 2 10
898 24 6 2
507 520 7 4
982 680 6 9
337 381 4 6
806 101 5 3
595 76 6 10
531 25 7 10
220 326 10 6
351 43 3 3
908 443 3 9
827 5 5 10
411 676 6 2
830 968 1 9
451 539 8 2
700 357 9 1
149 617 9 2
195 53 7 2
835 182 2 4
390 850 7 10
204 676 6 3
149 227 3 9
385 571 1 2
938 66 7 4
621 692 3 3
133 968 9 1
192 705 1 3
160 807 7 6
882 435 8 9
10 662 1 6
238 642 7 4
175 815 2 7
611 944 2 6
405 196 6 3
299 981 7 3
463 220 8 7
167 483 1 7
694 417 6 9
912 578 10 1
474 157 5 7
631 44 8 5
372 695 6 3
525 297 8 2
117 713 2 1
387 603 7 10
55 581 8 10
689 258 8 2
971 450 9 8
706 104 9 3
929 339 9 5
973 893 10 4
18 887 4 2
636 75 8 6
831 313 7 9
984 619 6 7
842 648 3 4
898 389 2 10
491 631 10 2
851 874 6 7
836 317 6 9
532 700 5 3
317 669 4 9
22 683 4 1
624 798 7 6
417 553 6 10
773 243 2 7
696 183 7 3
685 180 4 6
778 341 7 6
450 521 2 9
761 380 3 8
620 605 8 1
327 14 7 5
716 159 1 8
227 580 3 4
948 402 9 6
839 830 9 1
284 390 2 9
275 973 3 8
742 731 5 4
274 619 5 5
426 892 5 7
492 513 8 9
401 145 6 2
945 247 5 7
445 611 2 3
764 551 8 8
22 234 4 4
52 305 3 4
862 545 7 6
163 430 7 10
981 792 1 4
370 481 7 1
596 984 2 4
778 168 8 3
165 553 5 10
156 30 1 7
480 894 2 2
152 580 9 4
191 599 8 6
489 146 5 3
890 693 2 7
263 34 5 3
626 425 7 9
578 572 2 6
833 700 4 4
756 346 3 6
287 111 6 9
110 348 8 5
205 267 7 2
153 804 1 8
613 440 4 9
510 611 3 3
623 921 9 2
830 712 8 4
813 902 10 5
610 759 1 2
751 144 6 7
363 671 9 3
463 568 8 9
153 897 8 3
228 135 4 7
55 87 1 6
90 902 4 1
244 209 10 5
839 270 3 1
826 929 1 7
606 913 9 1
506 424 5 3
584 822 10 8
685 918 3 2
484 967 3 10
460 692 1 6
678 437 3 5
1
224
500
SUPER 156 477 310
SUPER 396 953 791
SUPER 251 545 991
SUPER 891 245 417
SUPER 372 989 379
SUPER 330 965 531
SUPER 44 125 839
SUPER 515 391 794
SUPER 47 589 131
SUPER 626 163 821
SUPER 25 308 575
SUPER 538 740 48
SUPER 346 786 824
SUPER 767 494 340
SUPER 569 625 139
SUPER 804 527 701
SUPER 476 226 192
SUPER 541 280 163
SUPER 718 687 34
SUPER 863 77 293
SUPER 74 737 910
SUPER 542 979 715
SUPER 23 443 338
SUPER 999 897 98
SUPER 581 830 425
SUPER 543 682 581
SUPER 687 630 867
SUPER 452 890 722
SUPER 737 901 617
SUPER 298 94 851
SUPER 683 238 273
SUPER 672 281 190
SUPER 598 29 71
SUPER 475 700 374
SUPER 182 724 893
SUPER 571 525 955
SUPER 649 553 635
SUPER 342 787 591
SUPER 247 598 202
SUPER 946 857 387
SUPER 906 441 942
SUPER 902 489 177
SUPER 103 237 826
SUPER 74 218 354
SUPER 205 720 552
SUPER 741 5 403
SUPER 694 654 272
SUPER 239 244 939
SUPER 667 373 649
SUPER 88 124 488
SUPER 652 282 310
SUPER 409 692 659
SUPER 888 628 386
SUPER 66 662 729
SUPER 434 952 495
SUPER 331 798 683
SUPER 333 996 850
SUPER 262 360 295
SUPER 553 135 987
SUPER 29 750 360
SUPER 734 801 484
SUPER 720 354 916
SUPER 479 391 176
SUPER 425 745 581
SUPER 499 554 734
SUPER 315 145 265
SUPER 336 392 117
SUPER 808 339 445
SUPER 56 282 274
SUPER 554 68 543
SUPER 769 303 88
SUPER 596 944 203
SUPER 263 489 103
SUPER 513 800 113
SUPER 852 406 951
SUPER 61 854 989
SUPER 131 257 838
SUPER 371 14 590
SUPER 953 914 32
SUPER 7 983 450
SUPER 157 276 423
SUPER 116 986 137
SUPER 801 86 188
SUPER 728 10 97
SUPER 217 835 212
SUPER 966 252 683
SUPER 923 645 796
SUPER 25 356 767
SUPER 566 330 886
SUPER 713 886 49
SUPER 961 918 330
SUPER 66 967 884
SUPER 353 102 14
SUPER 889 569 386
SUPER 224 409 719
SUPER 463 252 865
SUPER 499 468 227
SUPER 784 577 255
SUPER 723 296 849
SUPER 256 152 761
SUPER 535 215 22
SUPER 663 339 969
SUPER 128 543 371
SUPER 214 252 134
SUPER 141 206 949
SUPER 498 477 535
SUPER 712 719 413
SUPER 113 999 35
SUPER 879 874 809
SUPER 434 733 962
SUPER 912 482 250
SUPER 289 345 208
SUPER 263 820 240
SUPER 674 815 12
SUPER 153 571 146
SUPER 6 152 187
SUPER 854 660 522
SUPER 60 249 890
SUPER 410 838 673
SUPER 50 5 779
SUPER 52 465 454
SUPER 988 88 191
SUPER 835 258 868
SUPER 347 957 582
SUPER 181 213 444
SUPER 585 571 50
SUPER 721 116 921
SUPER 924 67 322
SUPER 120 183 851
SUPER 753 36 229
SUPER 679 717 653
SUPER 211 842 525
SUPER 688 722 106
SUPER 228 148 359
SUPER 730 313 910
SUPER 467 78 927
SUPER 173 731 449
SUPER 814 670 881
SUPER 402 592 409
SUPER 209 650 429
SUPER 58 581 32
SUPER 407 81 362
SUPER 501 847 58
SUPER 161 305 526
SUPER 766 855 4
SUPER 453 640 509
SUPER 805 494 793
SUPER 928 263 960
SUPER 677 698 495
SUPER 974 188 903
SUPER 7 353 146
SUPER 81 102 754
SUPER 895 429 942
SUPER 665 495 476
SUPER 325 569 394
SUPER 155 676 417
SUPER 806 587 435
SUPER 924 760 257
SUPER 795 226 463
SUPER 191 970 581
SUPER 841 817 851
SUPER 245 604 401
SUPER 603 541 63
SUPER 828 397 763
SUPER 630 691 607
SUPER 787 417 19
SUPER 979 949 93
SUPER 533 343 531
SUPER 937 463 373
SUPER 124 731 720
SUPER 276 452 937
SUPER 664 885 649
SUPER 248 830 951
SUPER 303 833 520
SUPER 115 741 655
SUPER 231 488 942
SUPER 74 16 32
SUPER 842 542 252
SUPER 745 338 21
SUPER 408 278 711
SUPER 57 94 44
SUPER 499 611 427
SUPER 237 134 207
SUPER 647 56 659
SUPER 845 72 223
SUPER 688 522 615
SUPER 847 322 125
SUPER 921 28 22
SUPER 66 887 602
SUPER 481 434 438
SUPER 221 562 585
SUPER 88 610 370
SUPER 159 986 436
SUPER 291 376 84
SUPER 480 390 444
SUPER 492 457 363
SUPER 375 195 44
SUPER 117 506 934
SUPER 549 643 376
SUPER 694 145 41
SUPER 906 16 674
SUPER 509 780 638
SUPER 718 42 486
SUPER 301 664 368
SUPER 3 813 414
SUPER 626 421 964
SUPER 105 846 831
SUPER 403 776 905
SUPER 946 303 93
SUPER 753 521 673
SUPER 662 977 708
SUPER 23 997 96
SUPER 457 281 801
SUPER 330 286 756
SUPER 891 541 81
SUPER 283 2 542
SUPER 200 249 887
SUPER 922 889 80
SUPER 66 645 827
SUPER 149 731 374
SUPER 35 753 841
SUPER 849 937 554
SUPER 759 396 232
SUPER 384 746 474
SUPER 473 872 500
SUPER 323 752 196
SUPER 756 226 390
SUPER 345 924 478
SUPER 509 633 874
SUPER 905 583 847
SUPER 247 756 360
SUPER 61 627 505
SUPER 967 976 815
SUPER 337 459 177
SUPER 730 342 928
SUPER 732 153 986
SUPER 42 165 486
SUPER 285 439 887
SUPER 625 196 694
SUPER 480 638 198
SUPER 757 250 714
SUPER 63 477 915
SUPER 202 592 764
SUPER 45 740 989
SUPER 554 926 243
SUPER 294 572 185
SUPER 927 446 117
SUPER 124 107 399
SUPER 136 304 70
SUPER 293 895 60
SUPER 842 678 703
SUPER 435 912 152
SUPER 585 49 666
SUPER 499 99 745
SUPER 424 723 805
SUPER 554 396 159
SUPER 189 429 718
SUPER 661 147 417
SUPER 584 356 949
SUPER 976 954 592
SUPER 541 687 663
SUPER 577 254 330
SUPER 575 780 442
SUPER 749 43 817
SUPER 663 364 972
SUPER 483 341 228
SUPER 21 523 818
SUPER 623 84 990
SUPER 846 381 853
SUPER 874 383 917
SUPER 183 141 998
SUPER 760 557 510
SUPER 409 271 286
SUPER 434 503 488
SUPER 157 792 519
SUPER 373 961 717
SUPER 337 348 86
SUPER 753 803 856
SUPER 67 632 277
SUPER 806 443 483
SUPER 261 617 940
SUPER 636 397 191
SUPER 594 253 624
SUPER 946 173 594
SUPER 8 777 94
SUPER 490 291 36
SUPER 982 730 865
SUPER 458 72 522
SUPER 1000 983 66
SUPER 438 384 78
SUPER 768 886 568
SUPER 668 329 582
SUPER 111 549 384
SUPER 287 939 396
SUPER 364 788 430
SUPER 256 288 166
SUPER 35 137 532
SUPER 289 350 599
SUPER 34 444 9
SUPER 899 634 869
SUPER 472 676 854
SUPER 603 638 916
SUPER 855 594 293
SUPER 457 374 75
SUPER 875 228 579
SUPER 377 495 37
SUPER 706 172 400
SUPER 461 569 482
SUPER 118 786 68
SUPER 609 631 743
SUPER 57 135 172
SUPER 681 844 498
SUPER 729 307 764
SUPER 880 792 107
SUPER 148 737 975
SUPER 635 611 559
SUPER 101 657 749
SUPER 669 953 559
SUPER 679 109 195
SUPER 115 958 449
SUPER 217 328 497
SUPER 667 868 84
SUPER 699 68 976
SUPER 624 82 945
SUPER 855 3 219
SUPER 169 871 559
SUPER 707 113 127
SUPER 82 351 24
SUPER 86 135 93
SUPER 363 989 203
SUPER 497 874 919
SUPER 888 289 353
SUPER 408 53 233
SUPER 808 795 3
SUPER 240 876 579
SUPER 738 193 59
SUPER 691 810 99
SUPER 652 958 714
SUPER 2 669 872
SUPER 501 276 115
SUPER 242 312 780
SUPER 70 602 230
SUPER 114 761 601
SUPER 740 888 670
SUPER 507 581 127
SUPER 905 786 854
SUPER 72 384 244
SUPER 955 172 121
SUPER 864 505 93
SUPER 804 253 738
SUPER 898 461 476
SUPER 652 983 555
SUPER 177 674 26
SUPER 460 749 321
SUPER 896 887 583
SUPER 476 582 104
SUPER 230 169 896
SUPER 703 897 834
SUPER 933 801 63
SUPER 501 992 838
SUPER 527 245 185
SUPER 353 386 486
SUPER 570 76 284
SUPER 852 27 753
SUPER 406 693 335
SUPER 234 319 618
SUPER 309 313 862
SUPER 643 367 433
SUPER 18 776 494
SUPER 923 491 392
SUPER 948 658 662
SUPER 494 40 416
SUPER 20 831 446
SUPER 878 227 669
SUPER 420 376 84
SUPER 807 927 734
SUPER 643 71 372
SUPER 293 659 626
SUPER 399 116 967
SUPER 132 823 704
SUPER 146 153 208
SUPER 384 816 13
SUPER 135 609 658
SUPER 429 938 147
SUPER 271 764 78
SUPER 154 205 135
SUPER 87 94 108
SUPER 153 811 83
SUPER 195 16 119
SUPER 474 425 134
SUPER 417 510 374
SUPER 529 956 912
SUPER 407 371 583
SUPER 292 317 234
SUPER 358 290 630
SUPER 529 223 669
SUPER 403 254 655
SUPER 327 169 250
SUPER 891 955 528
SUPER 844 15 698
SUPER 431 190 402
SUPER 783 526 958
SUPER 640 715 506
SUPER 543 191 161
SUPER 972 309 458
SUPER 835 74 404
SUPER 457 291 269
SUPER 66 799 627
SUPER 50 929 211
SUPER 286 761 150
SUPER 280 380 41
SUPER 565 228 10
SUPER 74 866 277
SUPER 408 217 137
SUPER 671 537 735
SUPER 831 535 318
SUPER 531 374 92
SUPER 947 59 533
SUPER 600 169 39
SUPER 990 235 483
SUPER 7 383 976
SUPER 225 623 185
SUPER 927 623 994
SUPER 84 81 839
SUPER 964 785 727
SUPER 59 23 774
SUPER 740 556 543
SUPER 798 206 630
SUPER 414 446 585
SUPER 921 81 26
SUPER 676 162 440
SUPER 181 305 711
SUPER 290 332 313
SUPER 743 159 572
SUPER 734 312 284
SUPER 176 64 119
SUPER 659 84 913
SUPER 220 256 428
SUPER 137 307 949
SUPER 318 762 508
SUPER 886 915 636
SUPER 667 734 378
SUPER 739 713 705
SUPER 278 612 25
SUPER 488 107 92
SUPER 780 576 332
SUPER 801 517 323
SUPER 360 566 110
SUPER 653 353 731
SUPER 282 456 956
SUPER 363 968 552
SUPER 619 877 270
SUPER 432 382 564
SUPER 508 276 837
SUPER 623 173 525
SUPER 104 281 337
SUPER 280 616 674
SUPER 654 391 307
SUPER 780 226 638
SUPER 987 719 947
SUPER 487 272 741
SUPER 847 487 921
SUPER 886 436 327
SUPER 191 694 657
SUPER 955 211 378
SUPER 331 782 899
SUPER 647 866 389
SUPER 473 907 913
SUPER 319 763 802
SUPER 553 380 132
SUPER 642 830 987
SUPER 978 103 904
SUPER 321 630 80
SUPER 292 489 607
SUPER 552 665 615
SUPER 23 150 132
SUPER 820 540 21
SUPER 508 861 161
SUPER 381 694 868
SUPER 314 296 866
SUPER 525 219 806
SUPER 348 362 202
SUPER 713 204 448
SUPER 449 458 150
SUPER 816 661 114
SUPER 99 631 985
SUPER 498 919 422
SUPER 340 323 905
SUPER 882 198 783
SUPER 85 813 255
SUPER 126 117 51
SUPER 17 690 116
SUPER 830 33 852
SUPER 442 11 562
SUPER 860 859 291
SUPER 433 637 127
SUPER 331 410 6
SUPER 788 84 306
SUPER 234 855 955
SUPER 467 529 23
