100 2000
2 1 3 2
3 2 5 9
4 3 1 5
5 4 5 3
6 4 7 8
7 5 2 7
8 6 3 5
9 2 10 10
10 4 10 8
11 2 6 4
12 5 7 7
13 10 5 5
14 10 7 6
15 4 10 10
16 5 1 5
17 11 6 1
18 12 4 1
19 5 7 1
20 15 5 8
21 13 4 9
22 13 1 3
23 22 7 7
24 1 2 7
25 19 6 8
26 7 10 5
27 6 10 9
28 26 5 9
29 18 3 6
30 21 5 3
31 26 6 5
32 28 2 6
33 6 1 5
34 12 10 7
35 14 4 8
36 25 10 5
37 11 4 5
38 10 2 9
39 11 2 2
40 6 7 10
41 38 5 10
42 32 9 10
43 22 10 10
44 29 4 1
45 43 3 8
46 17 4 7
47 5 2 3
48 36 3 3
49 48 1 10
50 41 6 5
51 14 8 1
52 21 6 9
53 32 1 6
54 11 1 10
55 35 5 2
56 31 6 5
57 19 7 7
58 34 9 9
59 42 4 1
60 3 3 9
61 15 8 8
62 31 2 6
63 8 7 5
64 2 4 1
65 32 8 1
66 33 10 5
67 44 3 8
68 49 10 8
69 51 10 8
70 18 4 9
71 3 9 7
72 70 9 6
73 19 5 5
74 25 6 10
75 67 8 2
76 71 6 3
77 33 8 2
78 32 1 10
79 4 8 3
80 5 7 5
81 30 8 4
82 60 2 10
83 62 10 10
84 23 6 9
85 41 10 3
86 83 5 5
87 48 9 4
88 87 5 8
89 21 6 10
90 22 8 8
91 31 9 8
92 27 5 2
93 22 2 6
94 68 1 7
95 76 7 7
96 23 5 8
97 82 8 3
98 73 5 1
99 13 5 7
100 55 7 1
48 55 9 1
20 3 2 6
18 89 10 8
66 56 3 8
4 43 3 7
43 90 4 3
48 81 6 3
79 59 6 5
78 45 1 8
5 61 2 3
76 99 1 6
72 7 1 4
86 89 4 10
98 56 3 3
42 56 8 2
93 100 9 4
4 52 5 8
44 16 4 5
2 19 4 7
61 21 10 9
40 21 10 5
77 56 7 7
40 32 9 5
90 54 6 6
94 48 4 1
43 68 7 4
61 80 5 4
45 92 4 1
24 23 8 6
72 34 3 9
88 84 5 4
86 77 8 4
98 39 9 1
5 25 2 4
19 39 5 2
40 95 2 1
83 23 10 1
22 41 4 9
76 94 1 3
47 35 1 8
18 59 10 6
89 90 9 9
47 51 10 9
59 36 8 3
12 1 10 10
36 81 6 6
62 41 5 8
28 6 5 7
85 83 2 8
60 29 1 4
71 13 4 3
25 70 3 8
29 56 2 2
76 70 3 4
75 69 3 4
79 27 7 8
52 85 3 6
42 61 7 2
98 100 1 9
78 5 1 3
29 93 2 6
16 29 1 10
60 91 9 5
46 48 10 3
45 8 5 9
31 74 4 6
65 24 4 9
94 65 2 1
20 78 9 8
83 48 9 1
68 54 7 9
20 27 3 10
30 68 1 1
44 96 8 2
7 50 6 9
58 3 1 9
3 93 9 10
58 5 6 1
84 66 3 7
13 68 5 2
14 61 8 7
12 40 10 2
33 67 2 3
51 21 3 3
99 37 3 4
13 18 1 2
86 13 7 8
41 21 2 2
38 98 4 10
45 95 5 10
7 16 4 9
98 64 4 2
100 87 1 1
4 26 8 2
100 74 4 1
52 53 4 8
10 69 3 10
64 3 10 5
81 25 7 8
88 24 9 2
83 63 4 5
38 42 5 3
14 73 8 6
98 78 7 10
61 38 2 6
9 92 4 4
34 52 4 7
69 90 3 6
68 98 4 9
74 87 8 10
3 73 6 1
7 83 4 5
57 94 3 10
74 80 8 1
18 21 10 4
32 75 9 7
24 79 1 7
10 97 2 8
71 32 3 6
85 63 4 1
26 78 7 7
62 58 9 2
58 81 4 6
94 91 3 1
75 20 7 8
53 43 6 9
43 12 8 10
30 51 5 3
34 87 9 6
81 92 7 4
73 70 7 4
38 44 5 4
38 81 9 2
20 34 3 9
14 22 8 2
50 1 2 4
65 6 7 3
7 48 5 10
12 81 4 4
82 86 10 9
92 63 1 4
40 99 1 8
53 46 4 6
50 13 2 10
89 26 4 8
56 6 2 5
30 90 6 4
16 11 7 2
15 78 10 9
98 26 8 7
19 20 6 6
99 45 10 3
6 18 2 3
72 98 3 3
95 42 5 4
31 48 9 4
30 80 4 9
55 41 4 4
100 16 3 4
60 20 1 6
67 56 6 7
45 52 10 5
35 64 5 9
70 88 1 1
2 47 3 1
32 12 7 2
64 51 9 3
72 57 2 5
10 64 8 5
90 4 4 7
38 80 10 7
53 50 4 8
57 35 6 2
76 52 10 5
35 96 5 1
74 43 2 5
45 68 1 4
78 80 3 3
97 18 3 9
11 64 9 9
4 69 3 8
77 16 8 5
84 82 6 1
62 69 8 9
84 71 4 6
5 98 8 4
12 90 4 2
13 15 6 6
3 23 1 3
2 17 8 1
36 55 6 6
72 6 5 3
84 97 7 3
7 100 7 10
40 42 6 8
69 67 1 9
1 23 7 7
19 89 4 8
64 37 9 10
40 46 4 5
94 29 2 3
23 97 10 6
31 66 10 3
27 30 10 7
23 15 4 1
57 98 10 10
60 44 2 3
99 67 3 9
22 51 2 7
84 19 7 3
18 49 8 4
91 28 7 8
89 50 6 6
59 54 1 9
36 41 5 6
50 24 10 6
12 17 3 3
87 38 8 9
93 61 5 1
89 98 1 10
89 28 8 2
36 4 2 5
89 15 7 1
66 53 9 4
21 49 5 8
22 2 1 9
15 62 2 5
27 21 10 2
100 78 5 5
9 10 3 9
16 35 3 10
41 37 8 7
87 27 10 7
60 72 4 7
28 66 5 3
30 74 1 5
93 38 10 2
27 44 1 8
20 50 8 8
97 9 10 7
14 6 9 3
88 48 1 1
37 3 9 1
87 55 1 1
56 43 4 7
41 3 3 6
30 2 6 6
8 72 6 6
95 58 4 8
24 49 5 4
40 55 10 2
35 21 9 10
70 50 8 1
14 18 10 10
85 94 7 4
89 41 5 3
53 20 5 3
92 21 7 7
97 92 4 5
78 77 9 10
97 52 9 1
70 56 7 8
23 17 3 3
30 6 5 10
83 71 2 9
80 44 4 1
75 92 9 4
23 87 2 1
91 68 9 3
37 28 9 9
28 1 5 10
59 56 1 3
16 27 1 3
10 40 3 8
92 35 1 9
93 80 9 8
22 96 4 10
54 41 8 5
24 27 3 3
14 89 7 5
67 5 5 10
7 23 4 8
62 50 1 9
96 16 7 8
77 10 9 10
47 49 9 7
15 51 4 1
75 36 10 2
51 13 10 10
46 27 4 2
19 16 5 1
89 55 10 8
58 7 3 6
13 44 1 10
16 3 6 8
22 84 6 8
2 43 10 5
94 21 10 9
57 86 2 2
66 14 8 2
26 25 2 9
79 20 9 8
31 39 8 2
45 62 3 2
28 95 8 5
98 59 5 10
32 82 2 4
77 36 5 2
69 76 10 1
73 7 7 2
100 52 9 6
41 47 2 8
18 23 2 2
83 98 5 5
81 63 7 2
10 39 10 6
4 77 1 5
89 48 1 5
83 15 4 6
99 75 3 10
51 46 1 4
42 34 6 2
90 21 1 9
13 3 10 1
61 6 7 6
69 12 10 1
11 61 4 1
34 37 10 1
74 48 10 10
75 72 2 8
78 75 10 2
68 19 8 2
76 12 7 9
61 94 7 8
54 96 2 5
53 29 4 5
40 31 2 5
75 37 4 2
23 65 6 2
65 16 8 9
78 73 9 1
8 89 6 2
98 17 7 5
45 84 1 9
51 74 5 9
23 46 1 6
76 45 6 7
48 32 7 9
19 50 8 9
66 44 1 2
33 100 8 6
65 38 7 4
67 38 8 10
50 4 5 2
53 78 10 6
23 94 1 10
13 17 6 3
83 41 5 3
100 82 4 5
65 96 1 5
28 3 7 7
44 63 6 4
94 34 10 1
64 43 1 5
8 44 8 8
72 43 8 1
75 85 3 3
59 64 3 2
59 84 5 3
49 84 9 2
37 93 7 6
35 22 2 9
13 75 4 4
39 18 1 2
45 37 2 8
100 85 6 3
21 77 2 2
53 49 9 6
64 4 7 2
46 98 9 9
21 38 10 10
68 5 8 2
61 66 2 10
21 56 7 5
91 71 7 7
100 19 2 6
50 55 4 10
8 56 4 3
8 71 9 8
21 62 3 10
77 12 1 1
48 96 9 7
23 2 1 4
99 79 7 2
91 56 6 2
77 50 5 8
42 41 8 10
85 96 7 4
87 30 8 1
24 3 3 1
92 70 4 6
16 79 8 2
90 31 5 3
79 12 8 4
9 36 9 5
30 79 4 7
97 57 1 8
74 49 8 4
29 38 9 4
16 1 10 3
50 48 4 6
52 65 7 9
67 93 2 3
70 63 1 1
59 37 8 7
6 87 9 4
11 69 8 10
13 6 9 7
60 10 1 1
1 6 9 10
77 92 10 2
12 26 2 9
22 52 4 4
53 25 9 4
69 7 1 6
47 94 10 7
19 13 8 1
22 66 1 3
53 37 10 3
40 24 3 5
67 82 4 10
72 67 4 9
67 74 7 1
53 23 5 1
62 30 3 6
23 33 8 4
76 77 10 5
91 85 2 2
62 34 2 8
74 10 10 7
38 4 5 7
19 37 5 2
45 65 1 4
2 77 4 10
4 7 4 10
74 21 3 1
5 18 1 1
88 25 4 3
39 63 6 10
89 78 4 9
68 92 6 9
71 6 10 5
10 66 10 7
48 98 3 1
6 98 10 7
59 29 4 8
75 63 1 1
19 55 5 4
42 13 2 10
39 25 6 9
12 23 6 6
21 48 9 4
7 61 9 4
93 76 7 4
16 9 7 7
84 94 5 2
94 42 5 3
6 47 3 9
87 19 5 5
49 52 5 5
74 54 7 5
26 29 2 10
13 41 2 1
37 96 8 7
29 68 4 2
43 14 1 3
79 55 1 1
14 87 2 8
64 45 8 4
42 5 8 2
1 58 8 10
2 93 1 3
71 42 10 9
90 25 10 8
74 24 7 5
44 9 1 4
68 84 8 7
69 93 8 3
76 51 3 2
3 99 10 4
73 95 6 5
41 52 8 1
6 74 8 5
25 15 4 3
74 3 7 9
16 55 10 10
92 33 7 7
50 81 2 4
55 99 2 10
48 92 6 8
54 97 8 6
82 95 2 4
18 38 6 2
95 60 3 9
19 41 7 1
33 32 5 7
42 87 4 4
17 67 10 3
77 98 8 5
21 9 9 7
63 34 10 4
42 80 6 2
21 85 9 7
25 27 7 9
67 84 1 2
58 71 9 1
97 33 4 1
8 20 6 4
69 26 3 5
25 50 5 1
85 80 6 9
49 26 10 9
66 80 5 1
28 52 7 8
32 5 4 7
25 87 3 7
82 6 5 4
79 21 4 6
19 76 7 4
76 98 2 1
80 76 8 9
43 75 4 10
47 99 6 6
46 94 9 1
29 19 5 7
18 78 1 1
84 75 4 8
97 17 4 9
73 81 2 10
94 73 1 10
1 27 7 10
58 22 9 1
27 75 6 7
69 85 7 1
15 45 3 8
42 29 5 7
92 54 9 5
16 51 10 7
53 82 6 9
64 12 5 7
76 7 9 4
26 9 4 1
51 35 2 2
23 51 9 8
23 27 1 7
89 49 10 1
4 93 10 3
10 7 4 2
67 10 8 8
38 85 1 1
55 9 6 7
4 95 4 9
100 14 3 2
100 99 9 3
12 91 4 9
3 76 6 8
58 8 8 3
44 99 2 3
55 5 9 2
51 71 1 7
27 54 3 10
35 4 6 8
14 69 5 9
75 79 5 1
79 83 5 7
82 33 5 4
93 44 2 7
36 20 9 3
25 80 4 5
17 44 7 5
3 72 6 7
76 22 7 10
23 14 1 4
65 68 1 9
15 68 9 6
86 4 2 10
96 38 5 4
2 28 2 7
12 98 10 8
71 19 9 1
58 15 2 2
60 98 10 5
96 27 8 3
49 17 2 8
62 25 9 10
88 91 3 8
76 60 2 4
61 34 4 10
23 79 7 9
45 55 4 3
21 26 3 8
85 40 8 6
26 3 9 5
57 48 1 7
64 26 6 10
59 2 10 3
10 26 4 6
76 11 4 5
87 20 3 7
78 81 8 2
70 3 6 10
98 8 6 2
21 46 5 8
90 2 5 1
70 42 10 4
65 35 10 4
1 67 8 5
9 7 10 6
56 15 2 3
59 21 3 3
31 98 9 10
22 39 4 9
26 52 7 1
14 16 7 2
84 40 7 2
64 96 3 1
4 31 4 1
59 74 2 9
24 84 8 6
38 60 6 9
83 13 5 1
54 29 9 2
17 62 6 10
84 28 10 9
84 1 6 7
60 94 10 3
62 94 4 9
77 22 2 3
8 10 1 9
51 8 2 3
91 65 7 9
61 99 5 7
25 43 6 5
36 83 5 4
50 21 3 10
24 43 9 4
11 85 10 8
11 74 5 1
21 3 2 6
82 26 8 2
54 64 9 10
90 100 10 5
27 48 3 3
49 41 7 6
75 14 10 2
4 100 2 8
69 74 3 2
12 46 3 2
31 20 4 8
52 87 3 10
11 62 4 5
19 99 2 7
57 36 4 7
20 49 8 1
49 37 6 10
14 27 9 7
53 71 5 7
84 43 10 7
86 64 8 2
25 69 3 1
13 34 10 10
63 59 2 1
58 83 2 6
28 72 1 6
41 71 2 6
50 6 2 9
89 13 6 9
64 78 10 4
100 88 2 6
73 43 10 3
55 96 9 9
52 93 6 3
63 3 5 8
75 41 7 8
3 36 4 10
20 39 8 1
67 39 3 1
82 43 7 3
15 46 6 3
41 12 3 7
59 90 1 7
74 58 4 3
23 80 5 10
42 9 8 9
22 18 2 1
19 88 5 2
4 65 7 3
32 55 2 10
42 8 4 5
84 77 1 2
13 8 1 6
34 39 3 3
45 42 1 8
92 93 5 1
13 59 8 3
85 7 7 6
64 79 4 3
99 91 6 6
2 27 7 2
7 55 7 8
17 60 3 6
13 26 5 6
5 62 9 1
2 87 4 1
6 11 6 6
35 3 6 5
18 72 5 5
68 11 6 8
42 36 9 7
55 18 3 10
93 17 6 1
11 9 10 10
80 24 7 10
79 88 5 2
80 1 4 5
62 42 1 5
61 49 6 6
74 98 6 3
77 28 4 10
48 3 4 1
30 66 2 4
68 69 1 2
71 7 1 3
96 81 4 8
45 27 4 4
1 60 7 4
70 27 3 10
95 27 1 9
18 33 10 3
62 84 6 9
17 58 2 1
33 25 9 7
23 60 3 8
11 56 10 8
95 70 6 7
2 36 1 8
67 60 10 6
68 21 8 9
53 73 1 5
22 24 4 8
93 8 1 1
5 24 7 2
44 68 4 2
98 51 2 5
39 97 4 9
41 6 7 10
27 53 9 3
48 5 9 3
30 100 5 10
59 11 2 5
12 63 8 3
9 31 5 7
30 4 10 8
49 91 2 6
17 87 4 10
72 100 2 1
39 69 4 8
73 79 3 9
71 68 8 10
83 77 9 7
28 16 8 6
8 66 9 2
10 98 8 3
73 72 10 5
66 45 5 8
14 90 2 3
8 19 5 10
86 67 4 10
43 63 9 1
76 50 7 5
50 23 8 1
70 24 1 10
94 44 5 10
27 59 9 8
60 92 8 8
22 64 8 7
6 5 5 7
19 91 4 5
92 59 1 7
22 83 9 8
16 39 7 1
57 59 9 6
49 51 7 5
4 49 6 10
10 15 7 5
28 9 9 1
2 46 10 9
13 60 6 3
6 100 3 3
53 19 9 6
75 55 9 6
69 54 7 7
27 78 6 10
38 76 10 9
54 37 8 4
48 28 1 1
30 57 2 9
37 29 9 8
81 69 1 6
15 47 9 2
15 12 6 9
29 41 1 10
62 97 10 6
35 73 5 1
72 91 2 7
1 31 7 1
13 53 6 7
39 77 2 5
71 59 9 1
43 52 3 8
40 1 4 8
23 62 9 5
26 93 8 4
91 11 10 7
95 31 7 3
81 77 8 3
39 99 9 10
32 99 5 2
99 11 9 1
68 64 3 6
46 60 7 7
49 86 5 6
58 33 9 9
59 4 7 5
36 94 2 3
38 30 5 7
45 59 4 5
56 22 2 2
9 48 2 9
37 33 7 6
98 4 5 1
68 38 2 8
53 98 3 1
87 99 6 5
47 13 2 7
32 26 6 2
37 51 8 8
4 72 8 10
73 91 5 3
66 37 6 9
20 93 9 1
96 83 5 10
99 14 6 7
61 35 10 2
28 24 9 8
60 56 10 6
30 89 10 6
42 46 2 1
13 1 8 9
74 88 10 2
34 93 9 10
22 91 9 10
1 25 5 3
7 97 6 1
56 52 1 10
25 59 4 5
82 42 3 7
14 8 1 9
22 85 4 10
6 19 6 4
48 73 2 10
46 76 9 9
39 9 5 4
15 11 9 10
18 50 4 7
49 32 9 3
25 63 3 8
58 93 7 3
21 95 3 5
19 3 10 5
8 83 2 7
97 11 6 6
66 62 5 7
64 34 8 5
79 87 4 9
6 12 10 8
87 63 9 9
37 6 9 2
73 9 4 5
12 44 4 4
82 7 6 9
88 11 8 4
89 65 5 9
80 47 9 10
47 45 1 5
13 54 7 1
65 19 9 4
49 76 1 2
20 58 4 2
9 12 4 8
63 72 7 8
93 40 1 3
90 51 4 7
57 89 4 6
90 7 2 2
93 45 5 7
37 79 3 10
71 56 4 10
99 36 7 1
15 29 2 8
65 83 7 2
29 11 10 6
51 73 6 3
16 83 2 5
8 21 5 5
72 83 7 4
25 60 1 10
68 95 3 9
60 73 1 8
2 24 8 10
69 8 1 1
85 64 10 6
24 44 7 8
74 99 9 7
43 83 4 9
74 2 1 4
66 68 3 10
21 20 9 2
19 82 3 10
97 78 2 6
47 7 10 3
48 65 7 1
66 38 8 8
60 39 1 5
27 36 7 2
9 19 5 3
11 49 1 2
8 34 3 8
92 50 3 3
39 90 6 8
83 19 10 3
52 69 4 8
97 80 7 5
68 99 2 1
36 70 1 4
85 14 6 1
87 51 6 4
7 70 9 8
41 51 9 3
75 66 4 4
45 85 3 10
83 33 5 3
6 91 10 1
89 96 3 7
85 42 9 3
53 35 9 7
41 56 8 2
13 27 3 7
55 51 4 9
95 8 4 9
23 39 8 7
1 18 5 9
52 32 1 7
78 34 10 2
61 1 5 10
77 38 2 6
74 27 3 9
61 18 3 8
30 65 7 4
42 54 6 10
33 8 6 6
79 93 1 9
16 36 9 9
21 86 9 3
19 33 9 5
66 97 5 7
52 66 5 9
100 44 1 3
36 22 7 1
55 92 3 2
60 21 9 6
3 52 7 5
10 12 1 6
31 63 10 8
73 21 5 2
58 84 4 8
27 62 2 6
12 45 7 8
5 87 2 8
85 57 7 2
18 53 9 1
94 14 2 5
57 8 1 5
60 5 2 10
54 86 6 6
29 40 2 7
27 19 8 7
75 65 1 5
92 83 6 10
5 38 7 1
9 100 7 2
40 58 8 2
32 74 1 3
33 42 8 1
80 34 1 2
29 43 6 10
84 73 3 9
83 81 8 10
97 74 4 5
83 64 2 6
98 87 6 9
11 79 8 10
70 21 4 3
39 47 5 6
37 17 2 5
72 38 3 1
69 43 2 3
4 13 2 4
43 97 9 1
38 15 7 6
34 2 9 8
68 50 2 8
40 54 1 6
12 72 1 4
82 35 4 1
66 77 3 9
83 26 6 6
81 61 5 8
30 70 5 2
96 53 9 5
51 72 2 5
46 59 1 1
4 80 4 5
32 73 5 5
100 1 9 3
43 46 2 9
98 88 5 8
78 14 2 1
81 19 10 2
46 68 6 1
3 75 8 6
86 11 6 6
9 86 2 3
13 100 2 10
97 24 9 3
91 15 6 3
38 47 7 6
9 85 1 9
58 35 1 1
96 6 6 6
57 70 3 10
5 13 1 3
47 97 4 4
17 39 7 2
53 58 9 8
9 29 6 5
72 78 5 9
5 51 9 2
99 24 1 7
32 6 9 2
97 79 4 9
13 29 9 1
79 50 6 9
52 38 8 3
9 8 3 8
99 49 10 6
73 100 7 7
61 86 10 5
43 23 6 1
12 37 6 6
26 57 1 7
28 7 9 3
61 97 5 5
71 69 6 4
93 12 3 10
63 20 6 7
33 24 10 1
75 96 10 4
71 100 5 3
31 55 10 3
78 10 1 7
64 67 2 6
98 41 7 5
89 25 5 1
29 81 3 2
15 2 3 1
44 18 4 5
73 82 3 7
97 13 2 1
66 48 10 8
88 72 6 2
17 36 3 4
4 34 7 9
26 19 3 8
42 76 8 2
41 91 4 5
17 40 6 3
31 70 5 6
41 95 7 3
96 78 4 4
73 44 7 8
67 73 2 6
81 84 3 2
62 4 9 9
47 16 7 8
99 65 4 9
38 74 9 5
56 73 5 4
46 19 2 3
73 76 4 4
80 32 3 1
86 6 1 6
81 72 8 1
95 71 3 1
99 85 6 6
87 12 3 3
54 23 7 7
87 49 9 8
28 63 8 3
28 38 5 4
53 72 9 9
3 57 8 3
90 5 1 7
84 60 10 4
12 51 4 1
32 56 4 4
37 95 8 8
21 14 4 4
82 92 6 10
31 12 1 4
97 70 6 6
63 100 10 2
56 5 2 9
34 77 3 7
18 16 6 3
84 80 7 10
93 75 9 6
10 94 4 3
40 53 2 10
14 54 2 2
50 69 1 8
27 93 5 10
7 86 1 3
96 99 7 5
30 85 4 8
34 91 5 9
40 87 2 2
64 80 1 10
26 100 1 5
37 57 6 3
50 64 10 6
50 8 9 4
41 33 10 9
73 29 1 4
28 13 6 6
95 13 4 3
53 2 1 4
11 80 1 9
85 77 6 4
61 53 4 9
83 40 10 9
61 69 4 6
34 100 10 4
20 70 2 1
1 21 4 1
9 96 3 3
46 85 5 9
97 93 6 7
57 93 6 4
31 41 7 8
27 65 2 8
75 64 1 10
60 45 3 7
29 100 3 6
94 88 5 6
95 75 8 6
82 76 5 2
62 6 1 7
75 23 8 10
86 48 10 9
64 41 2 5
30 99 2 9
71 11 7 9
1 95 7 1
79 56 3 9
70 34 2 10
51 94 6 10
18 54 3 5
20 37 4 4
27 17 5 1
3 18 6 4
35 79 4 6
76 34 1 7
4 85 1 1
60 33 6 5
64 90 7 8
99 10 7 5
88 22 3 8
89 29 1 8
75 8 6 2
96 92 4 10
31 76 2 3
97 19 5 10
77 94 8 1
55 59 8 8
85 43 7 9
59 14 4 2
95 26 7 6
28 85 9 3
21 16 2 9
41 65 6 2
10 53 7 3
19 7 2 5
99 12 7 10
23 89 2 9
99 27 7 9
63 7 7 9
90 82 9 3
21 45 6 10
87 35 9 4
35 34 8 8
56 12 5 2
92 8 2 1
88 71 4 2
46 87 7 6
87 45 5 10
81 60 5 9
45 9 1 1
36 95 5 7
66 98 5 9
44 56 9 7
18 28 8 7
50 28 7 10
50 12 4 10
62 91 1 10
30 44 9 4
6 31 8 1
40 43 7 10
22 81 5 7
52 14 1 8
99 18 3 9
46 63 9 5
55 94 9 4
10 30 3 9
67 71 3 7
29 67 6 2
50 67 8 6
77 46 6 2
9 90 2 7
16 4 5 3
51 50 7 7
26 97 6 10
34 16 2 9
58 13 6 7
67 78 9 9
72 59 4 1
38 7 6 2
72 5 10 7
90 88 7 7
78 21 5 3
69 98 4 5
33 54 8 3
51 6 10 4
49 94 5 10
37 69 7 9
16 99 4 4
44 5 10 7
72 30 6 2
46 70 3 10
24 15 5 2
61 52 4 8
85 34 5 7
91 93 8 5
61 63 9 5
38 34 6 10
96 93 4 7
67 28 6 2
41 68 2 7
5 75 1 3
30 71 6 4
29 62 5 4
55 17 6 8
53 93 4 1
82 65 7 10
13 85 10 6
32 57 1 6
62 68 5 5
38 73 3 4
31 46 10 3
44 21 1 1
27 42 1 8
69 66 8 10
77 61 4 4
96 91 2 4
28 44 7 7
9 25 8 1
8 3 7 5
39 84 1 3
60 2 3 3
9 14 4 4
3 89 10 10
18 62 1 4
83 82 4 8
54 63 5 9
84 6 1 10
3 40 6 1
31 86 1 5
80 75 6 1
9 93 9 3
54 76 6 9
18 52 8 10
6 63 10 5
9 80 1 10
100 46 4 3
3 54 3 4
36 47 10 10
10 36 8 10
32 34 9 2
92 32 7 3
12 49 8 9
44 22 8 8
64 95 2 4
61 37 9 8
96 11 3 7
29 5 3 5
72 64 4 3
13 72 10 5
83 84 3 1
56 2 3 5
87 4 5 5
56 54 1 6
34 9 9 2
35 81 7 2
87 11 1 6
51 45 2 5
4 82 8 2
65 25 9 7
66 3 7 1
88 82 8 4
9 3 10 8
11 45 7 3
58 76 4 7
64 58 7 6
8 64 7 6
73 63 8 10
68 16 6 4
74 96 7 6
24 12 7 3
25 3 8 4
80 98 6 7
85 73 2 2
1 26 10 3
18 2 5 1
47 3 6 9
59 8 6 10
33 5 5 10
77 35 5 1
97 63 10 2
36 100 6 6
60 62 1 6
89 69 3 1
59 77 2 5
72 44 7 4
83 10 4 8
21 67 1 4
82 28 5 9
45 79 7 4
91 54 8 7
3 85 6 3
46 55 4 5
59 20 7 8
59 24 10 1
33 13 9 1
79 74 6 2
97 22 5 1
83 57 9 1
62 64 9 6
15 3 2 3
79 18 9 10
28 64 7 6
36 73 4 2
36 82 6 6
9 15 5 8
98 14 6 9
10 68 1 2
12 53 8 1
70 71 1 3
98 71 6 3
34 23 7 6
91 80 3 9
95 17 3 2
27 56 10 8
32 58 2 8
3 7 7 4
28 61 10 9
36 65 7 3
73 71 5 1
86 98 2 1
75 11 10 8
5 9 7 10
67 52 2 2
22 32 8 7
71 1 5 6
53 59 6 8
49 14 2 9
63 18 5 1
76 1 4 2
22 7 7 7
55 30 8 10
59 47 2 4
97 94 6 1
80 21 3 1
96 57 7 5
10 18 5 6
44 3 9 8
73 27 1 8
90 66 9 9
94 96 10 3
36 1 10 4
58 55 3 8
68 40 1 5
56 100 3 5
13 81 5 8
64 21 9 3
53 57 1 7
24 64 7 3
14 88 1 10
55 37 10 7
87 39 4 8
20 55 5 3
39 58 10 1
30 3 6 7
61 58 1 1
26 56 2 2
91 23 5 7
100 91 2 3
79 10 9 3
78 90 6 2
17 74 5 5
57 66 7 8
35 45 1 7
70 12 10 7
89 88 4 1
69 20 3 9
92 61 8 2
85 55 4 9
9 95 2 9
99 53 7 3
92 36 7 8
29 71 9 10
81 45 1 6
50 30 2 8
48 54 10 1
24 77 7 1
84 12 10 4
27 85 6 5
20 10 5 5
49 35 10 2
74 20 8 6
28 80 6 7
62 35 3 3
97 88 7 1
86 12 3 1
88 9 2 8
25 52 6 3
12 60 10 3
95 61 10 6
73 75 5 2
71 49 6 10
34 36 4 2
99 2 9 4
12 47 5 7
64 17 10 2
53 54 9 1
15 48 2 5
6 59 10 4
48 93 7 10
1 37 4 6
65 80 6 6
38 12 5 7
10 42 2 7
2 49 8 5
91 16 2 9
5 40 8 9
78 99 4 9
81 79 10 6
13 46 7 10
77 44 2 8
95 57 4 10
86 8 4 3
77 45 1 10
92 2 1 2
42 79 4 9
38 25 8 8
49 10 9 3
71 89 2 5
54 82 5 5
28 8 5 10
93 47 5 1
87 15 3 8
32 59 10 2
3 95 5 6
22 11 4 4
74 62 8 8
35 71 8 9
81 91 4 3
90 29 9 9
29 3 1 4
82 11 8 5
96 43 4 9
72 25 8 9
82 46 5 6
34 24 2 1
62 80 1 8
29 80 3 8
24 98 10 9
94 9 10 8
12 55 9 4
95 81 9 3
13 40 8 9
18 51 4 2
74 93 7 10
52 90 10 8
67 91 1 4
89 95 7 8
29 12 9 4
83 2 6 8
81 55 6 9
97 38 4 7
24 73 8 8
38 1 9 7
46 64 3 3
33 57 1 5
35 75 2 8
77 43 8 4
71 60 3 2
5 8 7 3
3 82 7 10
37 40 1 8
43 98 10 8
95 98 6 1
74 44 2 9
40 92 10 10
14 86 2 2
72 68 8 3
49 23 7 2
7 24 3 8
61 91 9 8
8 18 2 2
81 82 5 10
55 80 7 3
9 68 8 1
97 65 6 8
54 7 5 6
4 96 1 2
30 37 6 5
22 79 8 7
47 81 7 6
3 96 1 10
13 73 2 6
48 91 8 4
1 81 10 5
23 47 4 10
28 54 3 2
39 21 5 1
18 86 1 1
36 76 4 6
31 38 9 7
95 56 6 2
24 51 6 1
62 2 5 2
31 73 7 5
63 62 6 5
15 26 7 6
32 13 1 5
75 68 4 3
65 66 2 3
30 23 4 1
39 70 5 6
55 24 1 3
30 22 9 3
100 48 9 4
65 37 9 8
46 41 8 5
83 11 7 3
28 73 4 2
17 79 6 1
15 85 5 2
41 73 1 8
22 72 5 10
42 37 3 4
42 3 5 6
4 61 8 5
18 24 3 10
39 80 4 3
46 79 5 4
33 10 6 1
54 21 9 7
59 15 8 6
4 2 1 5
21 83 7 4
58 87 5 10
27 98 8 10
35 44 10 1
30 83 4 4
21 28 3 9
93 60 2 7
79 28 8 3
38 89 7 2
52 46 10 8
97 15 2 5
81 26 5 6
11 41 6 5
29 10 6 7
96 62 7 5
26 8 3 8
36 43 1 2
8 49 9 2
79 40 9 4
68 33 6 7
20 26 7 2
9 17 4 6
57 41 9 8
41 93 5 7
82 49 5 8
39 7 7 7
34 49 3 9
24 10 3 2
24 47 4 6
65 46 1 7
75 28 3 10
35 99 1 9
53 30 7 8
79 67 1 9
88 30 3 7
47 63 3 7
41 79 8 3
51 77 3 2
22 49 6 3
69 82 6 8
9 62 7 7
99 1 6 5
58 27 1 1
96 58 8 9
38 70 5 10
7 99 1 6
11 12 4 7
100 40 3 10
61 56 10 1
82 57 1 2
42 11 8 5
72 26 4 4
87 89 7 4
94 12 1 5
68 76 4 6
57 27 8 2
56 80 3 2
36 12 9 2
31 13 8 7
13 43 5 2
13 70 3 1
29 98 5 9
34 71 7 3
32 64 5 10
35 37 8 3
21 91 10 10
30 31 9 5
99 71 4 10
18 69 7 2
16 66 6 10
76 56 10 7
92 38 8 8
6 93 6 4
96 49 5 5
80 79 1 5
74 12 6 4
6 25 5 1
44 47 2 8
70 94 4 4
1 3 2 8
64 53 4 9
65 93 5 5
38 43 4 5
13 37 10 10
6 36 10 7
82 98 1 7
96 86 3 8
26 54 7 6
48 34 4 3
88 17 9 8
25 92 2 9
32 21 2 7
42 23 9 8
27 28 10 2
19 1 8 5
2 78 4 7
2 37 8 2
72 69 1 2
42 31 4 5
39 51 10 5
59 43 5 4
96 45 6 4
31 45 9 9
15 95 9 10
66 86 5 10
100 66 10 2
46 39 9 6
17 89 5 8
6 3 8 1
53 90 4 10
66 55 7 10
97 42 2 10
9 78 5 4
33 16 6 5
83 60 5 2
31 99 1 7
82 85 2 2
17 15 2 1
64 42 3 1
19 74 3 4
49 72 8 7
8 79 9 10
7 35 2 2
28 39 5 1
66 94 9 8
30 1 4 1
59 39 10 3
50 97 3 1
6 24 3 2
76 79 6 4
68 53 10 3
54 46 2 5
11 44 5 1
7 65 1 2
26 6 2 7
29 66 3 1
50 54 4 3
70 26 5 7
24 72 6 9
62 16 6 4
28 62 1 2
11 33 5 8
87 54 6 7
26 36 7 1
96 26 6 5
67 15 7 4
68 100 3 2
52 71 9 7
80 58 5 10
36 52 2 7
100 31 8 5
27 18 1 3
39 85 9 5
29 6 5 6
100 21 3 4
74 82 7 5
58 21 4 4
56 34 4 4
56 65 8 2
64 55 5 9
94 89 3 7
92 29 3 10
57 34 4 7
32 15 8 7
11 67 4 1
22 6 10 2
81 65 4 9
77 9 5 3
2 45 7 9
52 44 10 1
28 29 2 10
50 61 8 6
17 70 5 2
88 92 7 4
39 2 10 5
26 18 8 3
76 10 9 9
11 26 5 1
96 50 7 3
70 53 4 8
47 31 8 2
83 56 3 1
23 85 1 3
21 6 4 8
67 55 1 9
45 70 5 2
31 84 1 9
90 18 8 6
52 91 4 6
47 92 1 9
72 84 2 1
2 20 1 10
89 32 9 2
60 87 2 10
23 21 8 10
30 16 10 3
85 20 5 9
5 96 4 10
67 57 7 2
7 96 3 7
42 15 6 3
50 99 8 9
49 7 1 10
19 90 1 2
35 23 7 3
46 6 7 7
98 35 6 9
95 85 7 2
57 88 3 2
99 94 7 4
14 29 8 2
58 89 1 4
91 40 8 7
12 85 1 9
54 24 6 2
33 89 6 10
63 58 1 6
55 60 1 2
67 66 2 1
46 11 5 1
63 40 2 4
63 76 8 7
12 95 1 4
72 85 10 1
2 42 3 8
25 20 9 8
37 100 1 4
78 61 4 4
15 5 8 8
5 2 6 5
91 63 4 8
81 99 4 6
47 84 1 10
54 70 9 1
75 17 6 4
11 13 5 8
18 34 4 9
45 22 1 9
91 97 3 1
91 27 6 3
80 2 8 2
67 100 9 9
20 5 7 10
47 30 8 6
26 91 7 10
76 47 8 3
38 54 1 8
54 65 4 8
23 41 6 7
83 73 10 3
55 6 2 9
24 85 9 9
31 49 3 9
2 58 5 1
54 39 8 3
7 14 6 7
5 45 10 8
9 47 2 1
86 47 7 3
6 67 1 9
60 40 3 6
90 41 3 1
87 80 4 9
29 1 9 4
76 91 7 2
25 71 5 9
38 26 8 8
97 35 4 10
46 25 4 9
6 20 10 4
13 35 9 3
17 38 6 2
35 24 2 10
83 44 9 3
36 39 8 5
14 32 5 7
77 100 6 1
67 26 5 2
35 31 9 5
86 32 3 8
59 85 9 1
39 66 9 10
63 5 10 3
18 56 9 9
60 77 6 10
37 31 1 8
47 54 8 4
65 40 2 5
85 67 1 7
56 69 1 2
75 18 2 3
22 25 5 5
43 80 4 2
10 51 1 7
98 13 10 3
61 54 1 9
59 97 4 1
25 58 8 4
12 83 1 5
38 27 9 2
64 81 4 3
50
98
75
60
49
9
40
11
46
26
63
4
23
76
53
87
45
29
80
58
91
62
16
3
89
59
56
93
17
84
21
83
15
28
43
86
19
73
77
50
44
72
20
79
32
51
12
67
42
71
55
10
KABUR 95 90
KABUR 48 4
SUPER 48 41 67
KABUR 36 64
KABUR 69 91
SIMULASI 69 53 97 66 82 79 30 96 50 68 39 40 37 81 43 22 67 73 85 47 13 45 36 4 38 33 83 48 34 12 56 95 61 2 26 55 100 88 29 72 15 87 21 71 76 80 32 63 5 31 24 20 77 49 62 9 54 10 60 28 64 74 65 23 93 98 46 42 69 16 
SIMULASI 49 17 33 86 94 51 21 64 89 63 76 13 42 31 5 18 88 99 35 29 22 40 15 46 84 53 9 8 65 26 45 78 98 87 56 32 49 77 75 50 59 47 61 55 67 52 25 70 44 58 
SUPER 27 89 14
SIMULASI 71 38 8 84 31 3 29 100 80 50 23 60 30 11 40 26 74 9 59 25 91 62 47 66 39 45 83 73 71 85 90 33 14 43 53 36 16 13 56 93 57 63 76 75 61 10 44 94 42 12 58 32 52 5 89 4 49 6 68 72 87 98 86 77 51 20 22 17 48 24 79 99 
SIMULASI 34 36 49 76 31 8 100 79 44 74 58 9 98 97 70 88 73 62 56 57 14 16 91 38 86 96 94 59 11 41 80 46 6 83 4 
