1000 2000
2 1 3 4
3 2 10 2
4 2 1 4
5 4 4 8
6 2 9 1
7 2 7 8
8 3 5 2
9 1 2 5
10 9 3 10
11 2 5 8
12 2 10 3
13 7 7 7
14 9 3 6
15 7 4 8
16 1 5 9
17 16 4 2
18 5 2 4
19 4 6 3
20 8 4 9
21 17 2 3
22 12 7 8
23 20 1 3
24 17 4 9
25 9 8 1
26 1 7 7
27 15 10 8
28 13 7 8
29 25 2 5
30 15 8 1
31 13 7 3
32 30 8 5
33 19 7 5
34 20 1 4
35 26 9 10
36 2 10 3
37 25 9 1
38 30 5 8
39 13 8 1
40 28 3 4
41 14 5 2
42 33 9 8
43 37 6 4
44 25 6 6
45 38 6 9
46 27 6 1
47 5 3 8
48 33 2 7
49 41 8 8
50 12 5 3
51 41 9 5
52 13 1 9
53 6 2 9
54 22 7 3
55 11 6 5
56 40 6 2
57 42 6 5
58 29 6 6
59 41 9 9
60 42 6 3
61 28 3 7
62 51 5 10
63 11 8 7
64 51 6 1
65 24 10 9
66 59 2 5
67 11 10 2
68 45 2 1
69 66 7 10
70 28 3 8
71 58 3 8
72 59 10 5
73 35 1 2
74 69 7 5
75 31 8 2
76 24 7 3
77 29 7 4
78 8 7 3
79 73 8 10
80 71 7 3
81 9 8 6
82 57 4 6
83 26 1 8
84 61 4 5
85 23 2 6
86 48 10 5
87 84 1 8
88 49 8 5
89 26 4 6
90 29 6 5
91 57 1 1
92 24 4 2
93 22 6 1
94 91 8 4
95 7 8 7
96 31 5 6
97 4 10 6
98 79 9 1
99 37 2 3
100 35 1 8
101 3 6 8
102 69 5 10
103 58 8 4
104 27 6 1
105 39 4 9
106 31 3 7
107 46 6 1
108 73 2 7
109 19 5 10
110 83 4 9
111 2 2 5
112 107 5 10
113 49 4 6
114 72 7 6
115 114 8 2
116 92 1 4
117 75 7 10
118 70 9 5
119 62 6 2
120 21 7 10
121 65 8 2
122 86 1 9
123 111 8 1
124 34 9 3
125 104 9 9
126 63 1 5
127 111 10 9
128 57 7 3
129 55 9 2
130 48 6 9
131 21 5 8
132 2 9 10
133 46 10 1
134 3 8 3
135 114 1 7
136 126 4 6
137 41 2 4
138 91 9 2
139 46 9 5
140 42 8 6
141 117 10 7
142 26 1 6
143 132 7 1
144 84 8 6
145 127 1 1
146 77 5 3
147 129 1 2
148 63 7 2
149 62 5 2
150 98 1 3
151 73 10 6
152 121 2 7
153 80 8 3
154 102 6 4
155 101 7 6
156 122 7 6
157 109 6 7
158 48 9 4
159 59 5 1
160 100 1 8
161 145 2 2
162 84 9 2
163 133 9 6
164 160 7 2
165 41 6 3
166 136 1 3
167 52 4 5
168 42 1 1
169 164 9 6
170 27 10 1
171 120 1 10
172 29 1 3
173 1 3 10
174 59 4 10
175 29 6 3
176 146 10 4
177 21 2 3
178 53 7 4
179 83 9 8
180 138 5 7
181 172 4 7
182 107 10 1
183 33 6 3
184 146 9 9
185 134 9 3
186 170 5 6
187 183 3 2
188 185 1 8
189 17 10 6
190 70 5 5
191 144 1 10
192 35 8 5
193 115 10 4
194 73 3 8
195 25 1 8
196 75 6 1
197 187 5 8
198 60 5 5
199 90 10 4
200 168 9 7
201 157 6 5
202 7 7 9
203 70 8 9
204 162 3 7
205 181 8 2
206 168 10 5
207 176 10 4
208 168 3 10
209 51 1 10
210 58 7 8
211 11 8 6
212 55 9 6
213 82 6 1
214 34 8 6
215 70 9 9
216 112 2 9
217 139 8 7
218 23 2 7
219 179 2 9
220 75 6 4
221 69 2 1
222 11 3 4
223 216 10 5
224 48 8 2
225 188 9 1
226 22 4 7
227 5 1 10
228 213 2 1
229 144 7 3
230 8 4 6
231 183 3 7
232 52 2 4
233 206 8 4
234 48 8 2
235 166 9 9
236 202 7 7
237 16 3 7
238 37 7 4
239 116 9 4
240 84 2 4
241 183 10 9
242 81 5 5
243 59 3 3
244 160 4 4
245 183 10 6
246 77 10 3
247 185 8 2
248 75 8 2
249 135 6 8
250 91 9 10
251 87 8 5
252 6 8 4
253 151 4 1
254 233 7 1
255 140 9 8
256 16 5 7
257 76 10 4
258 191 3 10
259 49 1 8
260 75 2 9
261 173 2 7
262 102 8 6
263 80 1 7
264 113 1 4
265 142 2 5
266 209 5 10
267 210 7 4
268 162 7 4
269 30 10 7
270 176 6 7
271 239 5 3
272 136 4 1
273 35 10 3
274 216 7 3
275 263 8 10
276 273 4 1
277 15 1 5
278 2 4 4
279 17 8 9
280 88 9 4
281 154 10 9
282 52 4 2
283 33 9 5
284 6 10 4
285 9 8 4
286 260 1 6
287 149 9 8
288 9 2 6
289 259 1 1
290 283 7 4
291 49 9 3
292 236 7 5
293 9 1 8
294 17 5 9
295 89 3 8
296 152 5 4
297 189 8 6
298 292 5 6
299 168 6 10
300 57 1 5
301 288 3 10
302 10 8 8
303 275 6 7
304 145 9 10
305 134 8 10
306 57 1 2
307 31 3 9
308 39 5 3
309 306 5 1
310 254 2 5
311 236 10 9
312 254 10 5
313 213 3 10
314 206 9 10
315 308 2 6
316 14 2 5
317 103 9 2
318 50 3 1
319 95 8 1
320 121 10 4
321 258 6 10
322 39 6 7
323 116 5 3
324 52 3 7
325 140 3 1
326 209 4 9
327 66 6 7
328 191 8 3
329 99 2 8
330 242 7 7
331 128 6 8
332 85 1 10
333 101 10 3
334 287 5 1
335 23 9 1
336 167 10 1
337 96 10 1
338 189 9 5
339 45 3 6
340 25 6 4
341 49 7 6
342 331 8 5
343 19 4 8
344 186 2 5
345 127 2 3
346 104 7 8
347 117 8 6
348 133 10 10
349 219 1 5
350 219 9 9
351 182 8 1
352 17 5 5
353 328 9 5
354 14 4 1
355 78 5 5
356 82 6 10
357 170 6 5
358 239 2 7
359 166 6 4
360 181 5 5
361 313 9 2
362 78 1 9
363 69 4 2
364 200 7 2
365 205 4 3
366 66 9 10
367 28 7 6
368 365 9 2
369 162 2 8
370 258 6 9
371 37 1 6
372 119 10 5
373 227 2 4
374 90 8 1
375 102 2 8
376 90 9 3
377 193 5 3
378 80 6 10
379 358 5 8
380 135 8 3
381 131 1 8
382 376 4 8
383 153 10 5
384 166 7 4
385 213 2 2
386 14 6 7
387 145 6 6
388 265 10 3
389 280 4 4
390 140 9 2
391 222 4 7
392 207 10 10
393 54 3 8
394 326 7 6
395 295 5 1
396 321 9 5
397 296 7 5
398 121 8 3
399 356 1 9
400 124 2 4
401 298 9 7
402 263 10 4
403 154 8 6
404 370 3 7
405 244 2 10
406 401 6 7
407 401 3 2
408 27 9 10
409 57 1 8
410 53 5 1
411 384 2 7
412 286 2 6
413 370 6 4
414 173 4 6
415 142 1 2
416 250 5 2
417 202 1 3
418 406 4 4
419 30 1 8
420 321 8 3
421 136 2 6
422 353 8 1
423 184 5 9
424 43 3 1
425 210 5 2
426 4 2 3
427 191 1 8
428 21 8 6
429 287 7 1
430 47 9 3
431 10 9 10
432 260 7 8
433 362 10 10
434 266 9 9
435 317 1 9
436 230 3 3
437 368 3 3
438 174 7 7
439 352 6 2
440 13 7 4
441 353 6 3
442 205 8 9
443 161 4 1
444 83 2 2
445 368 8 5
446 230 3 2
447 50 5 10
448 296 2 7
449 69 5 4
450 329 8 10
451 330 10 3
452 211 9 3
453 136 9 7
454 68 7 6
455 40 9 1
456 100 7 10
457 110 8 5
458 59 7 9
459 5 2 5
460 420 7 7
461 329 9 3
462 415 9 1
463 32 3 1
464 382 2 4
465 18 1 9
466 177 2 10
467 340 3 2
468 222 5 7
469 404 10 7
470 7 4 6
471 41 9 9
472 27 1 10
473 152 4 8
474 399 3 5
475 57 1 2
476 68 7 2
477 173 1 1
478 207 4 3
479 52 5 3
480 183 10 9
481 104 2 8
482 300 10 7
483 327 1 5
484 72 10 4
485 68 3 6
486 394 6 9
487 403 8 8
488 383 5 10
489 368 10 2
490 39 4 4
491 426 7 6
492 87 10 4
493 210 8 6
494 249 1 1
495 174 10 5
496 220 1 10
497 432 2 6
498 487 2 1
499 451 9 8
500 288 4 9
501 239 1 2
502 193 3 7
503 466 8 2
504 178 7 4
505 246 10 1
506 453 6 5
507 307 5 6
508 441 9 10
509 6 10 3
510 176 2 9
511 143 7 6
512 185 7 4
513 210 9 2
514 428 6 2
515 132 9 9
516 419 9 9
517 422 4 8
518 457 7 5
519 56 6 6
520 309 7 2
521 266 7 1
522 502 9 9
523 173 3 7
524 281 5 9
525 334 4 2
526 234 9 5
527 491 10 10
528 397 5 9
529 502 6 2
530 267 1 6
531 497 1 4
532 291 6 10
533 369 6 1
534 145 10 10
535 84 2 2
536 324 3 4
537 140 3 8
538 517 5 2
539 206 4 10
540 66 10 8
541 74 8 10
542 143 5 3
543 278 3 6
544 60 4 7
545 100 4 6
546 282 6 3
547 367 10 4
548 34 10 4
549 488 3 3
550 535 6 2
551 435 2 7
552 51 3 1
553 364 4 4
554 106 3 2
555 377 2 10
556 318 5 8
557 282 2 4
558 397 1 10
559 252 8 3
560 525 2 4
561 3 8 7
562 375 10 7
563 208 6 4
564 373 3 8
565 271 1 9
566 255 6 5
567 411 4 4
568 495 5 7
569 521 5 5
570 475 8 7
571 460 7 3
572 218 9 1
573 133 5 10
574 271 1 3
575 250 6 5
576 133 8 3
577 316 5 10
578 464 1 3
579 396 7 7
580 202 8 2
581 265 1 4
582 4 1 3
583 372 9 9
584 95 10 2
585 580 7 5
586 489 7 7
587 163 2 9
588 152 10 7
589 445 4 5
590 574 10 6
591 139 5 10
592 304 1 9
593 519 6 3
594 229 7 8
595 83 4 9
596 360 6 6
597 23 6 6
598 253 10 10
599 196 10 1
600 386 7 10
601 557 3 6
602 80 8 5
603 43 5 1
604 273 7 3
605 456 9 10
606 415 1 5
607 256 9 7
608 461 3 7
609 476 8 3
610 242 6 1
611 411 1 6
612 382 9 9
613 529 2 6
614 198 5 8
615 608 5 9
616 192 7 2
617 212 2 4
618 201 7 1
619 556 2 8
620 533 5 9
621 147 8 7
622 495 2 10
623 334 5 5
624 203 2 8
625 195 4 1
626 602 8 8
627 581 3 3
628 201 6 3
629 199 7 10
630 233 4 9
631 359 6 10
632 389 10 10
633 168 1 6
634 78 5 9
635 354 6 5
636 611 4 3
637 426 1 2
638 63 8 4
639 320 2 7
640 477 1 1
641 67 5 4
642 294 3 6
643 248 4 3
644 433 8 9
645 169 3 7
646 35 10 9
647 199 1 4
648 464 7 8
649 603 5 9
650 392 1 3
651 352 3 4
652 309 7 4
653 296 2 10
654 618 4 5
655 247 2 10
656 225 7 1
657 533 5 2
658 418 2 1
659 404 6 4
660 570 7 9
661 654 1 10
662 651 2 10
663 138 5 9
664 149 6 3
665 291 7 5
666 135 6 10
667 146 7 9
668 551 7 8
669 575 3 4
670 355 4 1
671 76 9 8
672 172 9 9
673 178 10 9
674 424 4 7
675 559 10 3
676 399 1 1
677 288 6 1
678 603 10 10
679 410 5 8
680 190 9 4
681 273 2 6
682 421 8 7
683 310 3 8
684 417 10 7
685 9 6 7
686 209 8 7
687 502 10 9
688 673 4 10
689 15 3 8
690 497 2 9
691 526 6 3
692 476 1 2
693 253 4 7
694 132 1 9
695 535 3 4
696 238 8 1
697 677 4 6
698 27 5 2
699 19 1 3
700 290 6 2
701 691 10 5
702 610 9 1
703 441 9 8
704 344 6 4
705 679 4 8
706 623 10 9
707 3 10 8
708 45 2 2
709 66 9 10
710 83 8 3
711 246 5 7
712 349 10 10
713 646 3 2
714 291 1 3
715 283 6 10
716 429 2 2
717 277 2 4
718 493 9 4
719 189 6 8
720 494 5 7
721 273 1 2
722 142 6 5
723 602 9 3
724 640 3 1
725 134 9 1
726 17 5 1
727 648 9 6
728 459 5 4
729 414 7 10
730 665 2 4
731 41 10 7
732 468 5 9
733 338 3 10
734 98 4 7
735 35 9 7
736 306 8 8
737 612 7 4
738 448 1 5
739 248 7 3
740 236 9 10
741 347 5 5
742 523 5 2
743 291 1 4
744 678 3 5
745 107 5 6
746 344 2 4
747 685 3 8
748 172 4 1
749 716 1 8
750 631 6 3
751 109 1 6
752 486 6 6
753 505 4 5
754 242 6 8
755 665 2 2
756 232 6 6
757 155 7 6
758 573 3 3
759 207 6 7
760 270 7 7
761 38 2 5
762 581 7 3
763 561 6 7
764 424 4 6
765 85 9 2
766 7 8 4
767 721 10 4
768 591 7 6
769 296 6 5
770 180 10 9
771 728 1 9
772 578 6 3
773 160 9 5
774 655 7 4
775 205 5 10
776 489 8 2
777 327 6 6
778 125 3 7
779 772 3 5
780 115 5 4
781 254 9 2
782 499 8 6
783 606 10 9
784 334 8 8
785 89 6 3
786 387 6 10
787 569 5 6
788 592 8 7
789 628 4 9
790 731 10 1
791 593 6 2
792 599 10 5
793 534 3 9
794 673 8 7
795 294 5 7
796 647 3 10
797 299 3 10
798 426 3 7
799 602 1 6
800 359 6 4
801 276 7 4
802 34 10 1
803 256 10 2
804 113 5 10
805 599 7 2
806 653 5 1
807 789 3 3
808 72 2 3
809 282 1 5
810 716 1 5
811 668 8 10
812 562 3 1
813 156 6 7
814 680 10 4
815 544 9 2
816 310 9 4
817 48 7 4
818 550 4 8
819 678 4 10
820 718 5 10
821 399 6 5
822 527 6 3
823 48 7 10
824 607 5 4
825 148 10 5
826 278 9 4
827 724 6 6
828 170 6 1
829 436 8 1
830 178 5 10
831 306 3 5
832 353 6 10
833 262 8 4
834 683 9 6
835 45 2 2
836 769 9 6
837 414 3 7
838 403 7 6
839 310 2 6
840 640 1 2
841 333 3 9
842 240 7 1
843 424 4 9
844 809 8 2
845 61 7 10
846 652 5 4
847 234 4 3
848 663 5 10
849 574 4 6
850 339 2 5
851 545 2 3
852 79 10 5
853 814 5 8
854 262 1 2
855 29 6 1
856 18 4 7
857 274 1 3
858 368 7 3
859 405 4 2
860 678 2 3
861 245 7 8
862 364 1 2
863 677 7 3
864 556 5 8
865 64 3 7
866 582 3 9
867 43 6 5
868 707 8 9
869 453 6 3
870 514 9 3
871 650 2 3
872 113 1 8
873 54 10 8
874 449 1 8
875 15 10 8
876 798 5 2
877 41 7 2
878 535 1 1
879 779 10 6
880 640 3 5
881 500 10 2
882 98 3 1
883 445 8 5
884 638 4 10
885 404 2 6
886 879 4 7
887 278 2 9
888 27 9 4
889 8 2 3
890 169 10 10
891 748 7 2
892 535 3 1
893 536 4 1
894 598 2 5
895 464 9 3
896 171 3 10
897 769 8 1
898 727 3 2
899 57 7 8
900 134 7 4
901 886 3 2
902 102 5 8
903 1 5 10
904 7 9 5
905 743 2 9
906 804 9 7
907 440 9 4
908 282 4 3
909 236 10 10
910 267 7 4
911 589 9 3
912 295 4 3
913 529 1 9
914 877 7 10
915 332 1 3
916 45 3 10
917 505 6 10
918 467 8 8
919 725 1 3
920 407 8 5
921 660 4 1
922 325 3 1
923 328 8 8
924 204 3 2
925 651 9 3
926 244 2 5
927 197 10 8
928 246 7 10
929 682 3 7
930 204 1 5
931 417 2 8
932 116 2 7
933 75 4 6
934 135 3 5
935 780 4 9
936 409 10 10
937 183 4 5
938 495 8 6
939 185 9 2
940 527 10 4
941 427 7 8
942 516 6 6
943 940 6 4
944 479 6 2
945 933 1 9
946 701 4 2
947 160 7 3
948 821 9 1
949 945 5 1
950 643 7 3
951 602 9 2
952 453 3 7
953 560 3 1
954 785 2 4
955 645 6 2
956 611 1 8
957 166 3 8
958 77 8 3
959 494 2 10
960 580 9 7
961 601 3 6
962 950 1 9
963 437 3 6
964 422 4 2
965 159 9 9
966 711 5 2
967 740 4 4
968 935 6 2
969 967 5 6
970 736 9 6
971 580 8 8
972 572 6 9
973 736 3 6
974 314 6 2
975 397 8 7
976 254 4 1
977 720 1 7
978 514 1 10
979 78 8 5
980 476 9 2
981 169 2 3
982 647 9 9
983 493 5 4
984 921 6 9
985 107 7 3
986 415 9 7
987 15 9 2
988 17 8 7
989 219 3 2
990 232 2 10
991 971 1 9
992 695 8 5
993 656 6 10
994 186 3 7
995 387 4 6
996 76 8 2
997 610 3 6
998 725 2 9
999 547 5 7
1000 638 9 5
661 672 5 3
515 616 2 6
309 254 3 2
226 919 8 5
922 991 1 1
493 804 1 7
266 689 9 4
385 909 6 8
242 282 4 10
356 926 10 6
943 533 9 8
498 421 2 4
670 280 2 7
384 718 2 3
451 168 6 4
76 982 3 9
740 266 4 10
178 427 3 5
94 475 10 7
647 657 8 7
326 400 3 10
145 278 3 7
441 966 7 1
420 14 2 5
251 530 1 2
549 327 9 9
611 9 2 3
418 829 5 10
884 408 2 6
263 734 5 8
612 907 7 6
201 310 5 6
544 537 4 1
646 931 3 3
501 438 2 10
362 361 9 8
447 950 9 10
754 949 2 2
284 120 8 6
716 997 5 3
274 735 4 1
724 421 6 8
292 994 8 2
31 499 3 7
655 716 6 1
11 283 4 3
946 164 2 1
340 291 6 5
73 477 1 4
207 319 6 4
176 261 2 2
897 221 4 5
5 313 9 1
784 9 8 10
925 863 2 3
121 953 6 6
253 370 1 3
103 265 3 1
113 920 4 1
537 558 8 1
104 862 3 2
867 862 5 4
813 945 8 9
571 453 6 6
902 590 1 1
845 73 3 10
440 226 4 9
430 758 3 10
912 697 8 7
220 250 9 5
563 490 6 2
59 585 3 6
317 841 6 2
512 657 1 9
148 963 8 3
88 286 6 4
589 28 5 10
233 125 6 2
125 747 2 6
511 580 7 6
817 820 4 3
648 912 8 5
494 403 7 2
136 396 6 7
56 911 8 7
172 928 7 8
589 563 4 3
777 639 3 6
290 757 9 2
573 198 1 7
260 339 9 8
636 227 1 10
288 416 1 4
708 322 5 1
890 194 4 10
849 240 4 6
801 390 10 3
120 907 6 6
416 794 6 3
446 168 1 2
557 465 2 5
89 491 8 9
589 305 9 10
13 385 4 2
460 310 8 6
829 119 8 3
581 519 10 10
571 615 3 7
914 579 3 4
394 636 4 6
55 479 1 7
368 373 6 1
329 705 8 1
353 301 9 9
765 309 10 10
723 490 2 9
720 296 5 10
227 896 7 5
39 199 3 8
493 565 1 10
400 39 5 7
247 534 2 1
942 518 9 4
141 520 2 2
167 136 1 5
69 791 4 8
537 338 1 7
139 305 1 9
664 169 2 7
781 475 2 2
864 426 9 7
472 449 8 8
584 835 8 5
944 713 3 3
468 208 7 6
843 112 2 2
785 190 7 8
333 746 9 2
916 338 1 1
812 30 7 9
890 818 1 4
589 655 10 6
680 865 4 1
324 914 7 4
579 790 2 10
398 766 1 7
808 573 6 6
345 414 3 4
221 363 7 3
898 767 8 2
285 798 9 9
254 784 1 7
935 217 8 5
593 684 3 10
990 595 6 1
488 729 10 8
833 112 3 9
97 155 1 3
524 478 4 2
273 880 6 4
300 576 10 6
996 509 1 3
214 573 9 5
848 711 3 9
247 305 4 4
441 586 10 7
940 993 3 7
781 780 10 5
98 874 1 10
937 42 8 10
974 633 1 10
801 777 3 9
246 852 7 7
387 693 7 5
997 647 3 1
203 220 10 4
457 23 1 3
111 634 9 3
688 561 7 5
148 557 10 3
798 579 6 7
550 314 4 8
223 57 7 4
570 750 4 9
530 959 10 5
526 229 4 4
3 69 6 2
823 662 3 6
495 405 1 2
186 891 3 4
67 253 5 6
475 540 1 2
60 899 4 3
871 780 7 7
647 3 9 1
140 41 4 4
489 922 7 8
139 500 9 6
150 641 5 10
243 424 4 1
40 70 4 3
95 959 3 7
518 552 3 8
101 189 3 1
59 725 9 7
506 609 9 4
903 137 3 5
339 926 8 8
92 897 7 2
692 35 2 9
697 491 7 8
612 643 4 6
906 163 10 7
958 445 3 7
805 559 4 5
584 252 4 9
310 707 7 8
727 135 4 5
18 629 6 4
984 265 1 7
814 25 3 8
535 440 3 8
208 45 5 6
786 833 6 6
332 77 3 10
255 745 7 9
632 70 1 2
801 949 4 8
895 22 5 6
54 659 2 2
265 193 5 9
154 694 10 6
328 341 3 9
428 675 6 5
267 551 10 9
855 73 5 9
310 170 7 6
777 308 7 1
982 550 2 8
279 401 9 8
857 229 1 7
278 869 2 9
531 830 1 2
43 749 4 5
666 246 3 4
42 229 2 5
121 801 5 3
241 340 6 1
200 820 9 2
206 853 5 8
833 477 9 7
179 55 8 8
875 481 2 2
520 101 1 5
898 172 3 6
497 470 9 5
179 779 7 3
730 117 8 2
188 948 7 10
898 913 9 3
337 883 8 8
396 461 5 4
959 102 4 1
926 735 2 4
908 905 1 9
372 788 9 8
980 449 1 9
197 858 10 3
813 540 7 2
228 300 8 8
698 599 6 4
328 600 6 10
218 646 8 4
492 339 4 2
818 790 5 2
502 130 1 10
381 917 6 10
426 730 5 5
98 359 3 2
391 208 2 6
798 482 10 10
216 56 8 6
628 970 6 3
899 777 4 8
339 829 4 5
357 79 3 4
592 935 4 7
875 455 8 1
902 693 6 8
530 189 6 8
612 965 1 4
199 392 5 6
927 244 7 9
326 267 6 6
466 654 8 6
349 901 2 7
564 824 1 4
41 617 1 8
833 176 8 10
551 374 8 4
655 306 5 10
396 351 6 9
258 516 3 6
444 402 5 10
903 738 1 9
933 341 8 8
708 226 7 10
356 819 7 7
629 80 9 3
790 970 10 5
327 369 4 1
32 55 10 5
624 83 4 4
471 135 10 3
652 659 7 2
687 615 5 6
280 876 8 5
631 564 2 7
489 654 9 7
202 787 9 1
541 996 9 5
102 353 4 5
313 531 10 9
615 251 2 8
144 353 6 6
260 974 7 8
105 906 8 7
8 167 4 2
160 595 2 10
434 954 8 9
763 594 9 9
53 302 1 2
766 388 7 5
471 431 2 6
46 381 1 5
724 17 4 3
864 226 7 3
867 651 3 1
506 81 7 8
679 32 4 5
88 342 4 2
79 23 10 9
360 711 6 3
390 691 6 10
494 928 2 6
10 786 5 1
375 975 10 9
751 330 7 2
272 392 8 3
276 934 10 2
711 265 9 1
252 444 8 5
600 542 7 5
197 529 6 3
945 132 6 7
996 618 8 9
278 113 7 6
150 364 1 10
524 26 1 1
640 820 2 7
216 91 10 8
222 999 5 1
640 81 4 6
223 594 7 2
232 74 10 5
134 882 8 3
302 58 4 7
977 540 1 7
37 863 10 6
605 317 9 7
596 941 5 4
894 305 8 10
1000 657 5 6
323 127 5 5
693 809 4 4
295 571 8 8
688 626 9 10
624 577 4 8
454 344 9 4
219 632 2 5
901 272 2 2
597 35 8 3
937 720 4 2
179 209 1 1
127 860 10 4
465 565 1 4
317 202 6 7
333 710 7 10
583 230 4 1
700 935 2 4
59 870 9 8
555 182 6 7
764 654 2 2
247 344 8 8
865 460 5 7
405 266 10 6
215 436 8 1
593 650 5 4
481 467 5 9
985 459 4 9
838 239 1 3
18 43 5 10
603 276 7 10
297 719 4 3
539 64 6 1
467 348 2 7
973 623 3 5
101 958 6 5
462 895 3 4
203 404 9 6
321 756 6 5
691 122 7 7
965 356 6 4
194 797 6 4
935 579 6 8
741 961 10 10
18 63 6 3
281 413 3 8
533 316 2 3
618 325 3 3
901 335 3 2
671 77 3 8
637 982 10 10
211 692 4 6
340 853 5 6
356 173 10 8
703 978 4 4
431 391 10 3
225 169 10 4
376 525 9 7
585 784 7 10
54 773 9 3
923 891 9 8
636 421 10 2
61 544 5 6
664 568 3 8
483 971 2 9
543 756 1 7
922 138 7 5
366 950 6 8
544 168 5 5
890 19 5 3
713 781 1 2
15 616 7 1
266 548 8 3
107 154 6 9
841 338 5 1
755 806 5 6
314 973 9 2
788 761 9 3
42 217 4 9
387 56 4 5
582 284 1 2
237 824 10 6
628 586 10 5
246 829 2 7
248 537 1 8
268 470 7 3
632 805 5 7
125 399 3 5
336 659 10 8
843 428 9 10
309 577 4 8
302 588 10 10
293 364 10 1
42 883 10 7
611 631 10 7
667 925 3 6
287 250 7 10
983 416 6 1
987 624 8 10
363 554 2 7
630 382 4 3
972 510 8 3
660 370 6 9
191 642 2 3
819 96 7 7
65 180 5 8
990 189 10 5
366 799 8 8
293 375 4 3
996 289 9 9
866 899 10 5
200 103 4 8
724 765 8 7
343 454 8 10
575 410 8 6
654 883 6 2
360 232 5 4
785 115 10 3
197 843 10 8
630 187 1 9
994 985 8 3
371 912 1 1
349 566 10 5
43 607 5 10
794 760 9 8
91 861 4 5
350 923 8 1
826 654 8 1
310 957 4 3
500 609 2 7
984 546 4 8
77 642 10 10
992 703 4 1
635 597 1 2
283 946 4 2
267 857 2 10
967 783 9 5
466 169 9 1
760 340 4 9
372 156 3 10
412 838 4 4
480 525 4 8
190 400 8 5
625 218 5 7
341 362 5 2
373 617 5 4
318 886 1 2
177 269 8 10
908 691 8 4
882 156 3 8
71 118 2 9
188 843 2 5
889 835 8 1
526 151 2 4
729 439 7 5
971 109 4 10
443 112 7 3
673 946 4 8
828 499 4 1
461 99 6 2
482 715 9 9
916 629 7 3
905 824 10 5
122 53 8 10
686 676 4 3
30 64 3 10
487 415 7 1
427 507 9 10
944 547 9 10
863 171 5 6
462 39 9 10
391 36 4 3
543 816 3 5
423 397 6 2
975 730 2 9
494 962 9 10
611 914 10 2
847 423 10 2
241 598 7 1
48 843 6 9
637 955 6 9
238 465 3 8
580 892 7 5
918 871 4 6
171 65 8 1
45 363 8 3
496 436 10 7
359 696 5 4
168 77 8 5
955 492 1 6
862 646 2 1
844 517 7 4
425 222 10 6
248 566 6 7
845 234 5 10
196 109 4 3
616 174 7 5
628 39 10 5
686 567 2 5
839 369 9 8
580 987 9 4
192 736 1 5
520 718 9 6
197 857 9 5
334 174 10 9
835 969 4 3
243 128 10 8
135 181 6 4
820 951 7 3
149 218 5 2
391 866 4 7
356 164 6 4
25 894 10 1
295 506 6 5
381 151 4 8
988 968 7 4
458 451 9 2
536 994 2 8
156 174 2 10
208 591 10 5
681 165 1 6
40 18 3 5
973 350 6 5
39 610 1 7
629 749 5 9
896 10 5 1
198 280 7 8
145 209 2 4
686 75 5 7
519 786 5 7
657 268 9 8
703 219 6 6
61 127 5 6
61 82 2 6
406 146 6 8
480 674 10 3
49 625 10 2
315 113 3 7
971 1 6 6
900 620 4 5
114 256 4 9
392 328 3 6
354 562 2 6
547 138 2 7
641 965 7 7
180 519 7 7
778 310 7 1
910 780 1 10
837 664 1 2
55 318 10 9
212 347 7 10
636 674 9 3
606 89 5 7
210 332 1 9
287 713 6 9
694 523 4 4
204 720 10 9
756 987 3 9
691 602 6 5
795 824 6 3
560 268 4 3
150 913 2 2
697 452 10 7
971 57 4 5
241 151 3 9
638 119 2 1
215 809 7 5
806 398 1 3
32 487 5 1
582 717 9 8
928 215 9 4
173 783 1 2
956 893 3 8
630 922 10 2
377 567 4 7
927 884 10 7
813 665 1 7
212 848 10 2
404 712 4 8
228 828 2 4
739 682 3 6
186 445 4 6
224 500 5 9
37 336 10 7
463 834 10 6
200 786 7 4
365 425 2 1
905 816 2 5
904 671 10 8
340 895 2 1
316 696 2 9
808 292 10 9
966 162 10 4
376 964 2 8
980 945 5 6
339 292 3 3
10 875 5 7
852 832 2 6
965 892 1 1
224 895 6 6
955 641 4 4
262 189 7 10
136 960 7 10
90 974 1 1
257 102 5 1
768 433 5 10
164 367 7 9
70 945 10 6
381 376 10 5
681 341 2 2
57 927 5 5
302 688 6 9
262 456 3 5
106 817 9 1
48 745 10 9
809 403 7 5
356 702 2 1
489 12 6 8
367 205 8 5
568 17 3 9
103 970 3 7
225 456 1 9
921 890 2 2
161 940 2 6
928 955 8 2
207 555 5 9
675 50 10 7
662 42 3 1
550 786 6 1
437 678 8 7
911 107 2 8
391 780 5 6
642 600 10 3
66 361 7 3
380 38 5 2
771 210 2 9
131 995 10 5
670 435 4 2
675 211 3 10
818 595 6 1
305 307 6 9
274 710 1 1
754 657 4 10
452 193 5 3
372 946 1 5
13 392 3 4
211 66 7 3
514 650 2 7
805 814 9 8
927 330 8 5
678 532 6 6
859 383 1 4
131 280 4 5
401 796 2 7
785 952 5 1
31 175 4 7
718 56 7 10
770 414 8 3
150 926 3 2
958 644 10 4
671 902 4 6
858 727 1 8
629 182 2 2
825 605 8 2
781 914 9 10
753 593 10 7
300 135 7 4
191 761 6 6
1000 835 1 10
16 482 5 4
93 43 7 2
473 529 10 8
249 59 10 5
847 3 4 5
376 136 7 1
950 357 7 5
871 8 3 5
556 588 1 5
107 415 7 2
342 588 5 8
522 667 4 9
617 692 4 7
600 824 4 6
601 600 8 3
651 427 5 8
853 245 4 3
662 690 7 5
416 759 10 6
504 914 5 6
32 717 7 4
742 647 6 7
74 642 8 10
884 798 4 8
675 989 3 1
31 757 1 6
64 993 1 8
276 728 4 1
661 37 10 6
457 429 5 6
936 404 4 9
330 896 2 9
359 660 5 8
732 727 6 3
604 283 2 10
637 366 5 4
431 732 6 6
129 515 4 4
316 941 2 3
461 906 9 2
567 131 7 2
751 400 6 2
414 427 2 4
107 251 2 6
222 650 3 2
358 95 5 10
916 789 2 4
542 914 8 10
653 249 3 3
567 48 10 4
222 539 4 6
6 63 1 8
875 224 1 8
801 139 3 10
418 893 9 4
996 74 8 1
304 190 3 10
60 400 10 7
10 306 10 7
407 3 2 1
133 789 6 7
801 63 3 8
525 787 3 6
911 681 7 1
881 523 10 8
359 383 8 4
644 592 2 5
493 141 3 2
164 505 7 8
558 977 10 3
598 169 9 2
864 287 4 10
734 798 2 9
479 397 7 1
795 654 1 6
672 415 1 4
352 12 1 4
385 363 7 6
307 126 7 8
734 909 3 1
273 249 2 1
644 338 2 3
575 347 8 1
424 432 8 2
850 183 2 5
176 412 3 10
854 83 7 4
657 98 6 3
841 916 1 5
982 79 2 7
561 359 8 5
582 937 7 10
233 57 4 5
997 996 1 4
302 574 3 8
185 510 2 8
111 709 5 2
790 139 3 8
671 426 10 2
65 33 5 6
861 442 8 6
64 748 7 9
660 433 7 10
590 401 4 1
826 270 4 6
659 254 5 5
203 269 1 8
217 128 2 3
782 354 7 9
319 834 5 10
334 700 5 1
393 772 4 6
785 598 9 5
813 585 6 1
621 974 8 10
943 190 6 8
588 618 3 1
580 864 6 1
590 573 2 1
809 94 10 7
847 549 7 8
388 378 7 10
307 711 9 5
969 843 6 1
720 65 1 8
390 270 1 9
35 894 4 5
694 127 8 3
321 148 8 6
905 115 5 9
89 406 10 1
202 558 7 1
665 909 4 9
158 316 4 4
68 512 1 3
507 840 7 1
647 786 1 8
423 550 1 10
639 938 8 4
310 964 4 4
33 843 2 5
894 591 9 9
770 28 5 5
436 252 8 4
639 754 7 1
996 511 4 8
621 520 3 5
323 238 3 9
186 29 1 5
528 629 7 4
457 980 1 4
326 826 9 10
417 364 3 2
282 946 8 5
181 994 8 2
506 178 6 4
324 729 1 4
403 727 5 4
290 768 10 2
353 989 4 3
164 546 9 5
106 481 7 4
262 830 9 5
434 866 2 4
615 169 3 2
231 619 6 5
876 318 5 4
853 634 7 10
392 748 8 2
282 260 6 10
729 207 10 5
499 893 4 9
772 884 8 10
956 187 6 10
231 760 7 8
827 515 1 8
325 872 5 8
756 865 2 9
757 642 2 5
821 859 6 8
474 226 2 8
451 446 1 8
683 69 5 10
570 87 6 7
4 896 4 6
184 674 1 2
610 153 2 3
625 957 6 8
337 875 7 8
555 4 10 9
64 221 10 4
882 110 5 9
940 227 9 2
108 486 5 8
168 602 3 9
86 146 9 7
178 704 5 7
652 46 2 1
279 545 3 8
732 952 4 3
357 889 3 4
634 765 1 7
631 440 5 4
124 858 6 1
996 304 1 4
318 579 7 7
583 263 2 2
878 470 5 8
231 707 5 1
977 392 3 7
968 448 10 5
27 133 5 6
303 691 10 4
770 395 4 10
833 113 9 9
642 447 10 2
107 152 7 7
81 261 5 8
618 700 4 8
844 675 4 9
603 161 1 5
255 614 3 2
235 335 9 7
512 915 3 6
920 8 9 3
299 486 9 1
493 418 10 7
294 29 5 1
736 363 10 9
149 309 10 7
895 127 5 3
590 730 8 10
422 99 3 8
286 850 3 1
689 973 1 5
97 994 10 1
159 128 1 2
916 31 6 8
36 555 5 9
526 69 2 6
461 770 5 2
442 450 5 4
263 810 7 7
293 763 1 3
31 312 1 1
837 948 2 10
866 586 7 9
191 859 7 3
102 140 5 7
823 621 2 7
198 499 7 5
91 950 2 5
688 660 2 3
687 324 2 5
818 28 6 3
97 508 1 4
480 425 9 4
933 811 10 2
214 206 3 5
337 13 8 2
50
83
306
874
373
586
240
925
734
875
978
563
774
916
984
197
727
819
449
634
944
125
124
73
266
712
78
418
951
686
852
831
468
330
116
191
895
209
786
741
18
815
946
705
408
294
552
967
5
835
382
10
SUPER 613 801 690
SIMULASI 837 730 485 911 735 438 483 577 90 164 428 10 763 46 520 511 605 339 427 24 997 104 381 443 502 866 675 417 734 285 436 391 607 80 852 575 191 903 324 732 120 248 696 945 601 214 856 515 311 434 292 532 463 21 136 134 260 403 723 748 666 440 943 45 373 776 471 212 189 788 246 69 332 47 313 172 983 816 854 249 490 81 482 631 850 327 576 166 239 79 573 489 972 618 265 468 32 55 769 190 693 702 448 744 865 6 551 132 101 550 882 372 421 95 340 114 231 716 964 27 180 348 367 545 860 74 756 472 352 774 920 537 879 498 851 1 593 301 193 3 823 276 947 314 713 900 243 224 974 169 315 42 368 447 722 109 36 668 127 227 589 549 980 767 208 116 663 302 905 876 115 253 467 643 487 933 594 658 684 477 948 925 888 538 366 872 565 222 341 711 563 119 937 625 927 501 785 342 586 858 326 9 809 664 209 720 822 251 254 600 899 681 793 422 394 710 962 15 163 935 233 64 841 596 7 930 657 466 835 344 331 686 306 338 376 2 283 548 801 460 612 437 207 914 48 555 554 634 503 117 689 102 897 396 284 615 354 297 726 5 100 70 177 580 606 613 1000 760 99 561 659 759 320 887 778 216 591 969 312 585 346 939 407 8 241 922 430 916 426 638 199 870 53 998 672 874 446 906 13 26 184 174 182 808 508 775 298 229 543 875 789 51 993 335 268 762 648 941 968 59 17 514 661 250 152 88 645 308 521 161 622 910 630 901 410 588 517 944 617 706 665 597 637 360 397 497 830 217 571 362 94 990 636 262 425 418 330 829 309 150 133 740 705 802 752 453 357 493 509 16 67 272 353 449 819 118 736 484 83 651 751 733 175 43 535 709 541 564 579 818 662 401 654 488 29 963 196 806 921 676 855 765 495 274 611 536 982 445 225 542 780 244 747 568 635 862 144 741 63 546 282 271 507 794 148 52 151 592 673 289 158 957 893 584 970 383 820 159 420 28 942 977 255 846 695 642 337 881 949 266 652 201 825 836 885 355 750 556 290 758 275 500 156 82 633 562 582 908 798 183 688 761 981 384 626 755 610 400 828 712 621 797 772 587 261 847 414 985 987 14 33 799 909 423 884 880 374 439 404 570 813 831 128 168 784 628 655 455 86 627 72 824 365 37 31 973 694 817 58 849 469 452 928 810 754 505 529 34 703 667 56 146 923 194 345 108 649 237 924 103 781 230 382 717 792 316 238 319 356 280 458 240 558 358 364 814 112 218 68 234 952 583 907 560 510 506 602 35 721 307 385 279 604 44 65 486 646 202 786 187 877 842 474 228 321 464 131 677 399 523 959 98 113 868 708 197 707 685 680 121 85 424 19 753 700 258 157 4 991 75 236 476 821 569 608 609 91 826 124 861 76 863 219 173 412 815 581 223 137 620 450 650 210 499 60 213 640 898 419 837 40 526 245 737 918 595 435 552 303 653 185 462 491 971 917 678 371 840 724 304 994 553 178 904 934 527 791 176 768 992 139 221 890 235 771 932 126 803 406 454 402 232 557 699 839 965 433 465 256 270 679 129 779 198 441 87 264 926 242 912 145 39 220 106 343 966 895 459 195 714 416 252 480 864 516 226 848 110 534 204 996 719 807 539 715 704 683 392 77 388 206 902 629 513 141 727 988 787 533 305 11 398 322 188 845 215 200 891 138 186 281 140 931 795 84 359 559 598 361 632 370 698 461 955 61 946 287 386 746 624 886 93 770 165 811 142 247 738 644 742 349 764 975 853 49 432 369 530 958 951 697 329 745 286 162 805 660 350 125 687 936 671 25 257 325 783 323 123 160 92 171 389 143 522 892 170 154 566 205 23 375 967 728 473 773 674 669 89 78 97 336 857 718 790 478 496 73 796 
KABUR 14 71
SUPER 243 30 729
KABUR 71 741
KABUR 62 687
SUPER 14 476 167
SUPER 134 491 107
KABUR 702 626
KABUR 179 858
