100 2000
2 1 8 9
3 1 2 3
4 2 2 2
5 2 6 3
6 2 1 8
7 3 4 8
8 6 8 1
9 4 8 1
10 4 2 10
11 4 10 7
12 6 7 4
13 1 10 2
14 12 4 8
15 5 1 1
16 9 10 1
17 11 1 1
18 4 10 9
19 6 2 4
20 3 3 8
21 18 4 8
22 13 5 4
23 16 1 6
24 6 10 7
25 7 2 8
26 3 6 3
27 23 1 3
28 1 8 4
29 6 3 2
30 17 5 9
31 10 5 1
32 25 1 8
33 1 10 1
34 22 3 1
35 7 5 5
36 16 3 1
37 3 6 8
38 36 7 7
39 18 1 5
40 21 4 5
41 7 6 9
42 26 9 4
43 11 5 5
44 31 10 3
45 39 5 10
46 19 2 2
47 30 1 2
48 36 6 7
49 18 3 1
50 35 3 1
51 48 9 7
52 37 4 3
53 39 2 10
54 12 5 6
55 38 8 6
56 48 8 6
57 37 10 1
58 27 6 9
59 33 8 2
60 10 10 6
61 53 2 9
62 39 10 3
63 47 9 10
64 63 8 10
65 4 5 2
66 37 8 1
67 49 10 8
68 5 7 7
69 8 6 7
70 40 6 5
71 68 9 4
72 32 6 9
73 1 8 5
74 30 3 2
75 51 2 2
76 3 8 3
77 34 8 4
78 23 1 6
79 55 8 10
80 38 10 10
81 32 1 7
82 24 2 7
83 77 8 6
84 70 7 9
85 84 8 9
86 37 6 6
87 77 2 6
88 39 3 10
89 52 6 6
90 76 5 9
91 36 8 6
92 56 1 9
93 92 2 9
94 90 10 1
95 91 6 8
96 46 5 3
97 47 3 4
98 27 9 10
99 6 2 7
100 66 4 10
89 15 1 7
33 78 2 3
83 82 1 10
52 35 4 10
91 11 4 7
89 75 6 1
70 44 8 10
22 23 7 5
36 45 6 7
19 20 9 4
8 100 7 4
21 79 2 6
86 57 5 4
94 9 9 9
90 66 5 10
55 3 2 4
2 96 9 2
87 86 10 4
71 23 5 3
85 23 8 9
30 96 8 8
34 31 2 2
24 1 3 5
45 28 8 6
86 62 6 3
50 9 9 5
1 41 2 3
99 40 5 9
82 39 2 6
15 62 4 1
53 60 10 7
2 48 9 3
37 77 2 2
2 27 1 8
81 36 7 1
55 88 4 6
87 30 4 7
19 33 4 4
84 19 4 6
82 77 4 1
9 49 2 8
17 94 1 6
87 44 2 3
98 1 9 7
39 25 10 8
25 4 10 8
69 43 8 2
15 34 3 3
24 16 6 2
46 13 3 5
79 31 3 5
66 46 10 8
37 1 6 9
46 26 8 1
41 83 5 5
73 30 2 3
18 81 8 9
39 16 1 6
90 100 4 9
77 84 1 1
34 75 8 3
92 43 4 5
35 29 9 5
76 42 4 4
62 35 6 1
15 78 7 7
57 20 3 4
41 53 7 3
63 79 10 2
44 79 3 1
7 55 4 9
33 54 8 6
29 46 8 5
40 81 10 4
98 24 3 2
63 31 8 10
3 64 10 7
74 25 1 7
85 49 4 10
80 78 7 4
18 78 6 7
100 84 6 1
100 70 10 9
83 30 6 1
92 98 8 5
78 8 7 10
53 7 4 9
44 10 7 7
37 24 6 9
35 9 1 9
83 88 8 8
100 47 9 3
96 67 9 10
32 13 10 9
8 57 3 9
44 83 3 2
12 57 4 6
65 22 8 9
6 35 5 6
24 9 3 8
38 3 9 1
57 98 9 10
69 80 2 2
23 4 3 4
45 34 8 2
17 44 5 9
26 5 6 7
41 58 1 4
6 20 5 1
33 8 10 1
77 35 9 2
64 42 9 6
68 3 4 1
12 29 4 1
29 37 3 6
17 68 10 7
4 17 8 1
98 21 7 2
50 34 1 3
23 32 1 4
73 16 9 9
76 87 1 2
62 96 5 8
84 82 8 9
72 31 4 5
14 51 1 8
22 78 8 7
76 34 8 10
61 22 1 1
95 13 9 1
49 8 5 3
4 56 9 2
19 25 5 7
28 78 5 8
37 14 4 6
72 76 3 5
43 84 8 10
36 80 7 6
30 56 7 9
55 62 4 10
84 83 8 7
40 16 3 9
41 10 2 3
85 6 2 4
39 38 5 6
100 78 5 10
86 16 9 6
56 49 5 6
67 69 4 6
87 91 10 10
69 31 1 4
87 38 6 3
53 73 7 1
81 50 6 8
38 14 4 9
68 81 9 1
51 5 10 9
8 96 6 9
78 17 8 10
6 43 3 4
28 35 6 5
63 93 9 6
49 46 7 10
44 89 8 9
66 89 9 10
31 61 7 8
22 76 10 4
8 25 7 7
48 25 8 3
67 24 8 4
58 23 2 2
27 37 9 3
92 41 9 10
24 14 10 10
60 31 7 1
99 79 9 2
80 51 7 10
35 59 7 3
50 18 7 10
79 80 2 4
72 51 4 6
96 19 3 4
13 62 8 3
22 7 4 6
54 100 10 2
98 26 8 1
5 8 10 8
5 80 7 4
12 63 5 5
96 55 1 10
87 63 6 1
23 3 8 9
7 78 4 4
29 22 3 3
22 51 9 8
49 33 1 6
64 10 5 3
88 100 7 5
52 43 10 4
94 98 2 1
8 74 5 9
41 16 7 5
36 100 5 5
44 41 3 5
43 27 8 9
81 99 9 7
12 86 10 10
46 90 6 10
56 20 5 4
59 65 8 6
73 98 8 2
68 59 9 7
100 59 9 1
84 86 2 3
49 2 3 1
47 51 4 10
51 27 10 6
15 99 6 2
80 35 7 5
83 18 4 7
76 24 8 6
30 10 6 8
26 18 4 9
42 51 10 3
25 37 10 1
27 21 5 3
84 76 7 10
88 98 1 3
42 67 4 7
53 89 3 2
29 64 7 8
3 22 9 6
74 82 8 7
93 47 1 3
67 88 5 7
85 90 7 7
19 74 8 2
77 22 9 10
74 62 9 5
75 77 7 3
94 67 1 5
64 27 5 1
13 21 9 4
82 14 2 1
57 52 6 7
25 3 2 6
31 27 4 3
90 79 6 8
47 40 9 2
37 23 2 5
75 24 9 2
81 41 3 1
51 9 5 10
42 68 3 8
61 77 4 4
77 30 9 5
46 3 9 1
68 96 9 5
51 91 4 4
83 75 10 6
33 96 1 7
87 84 1 2
32 59 9 1
70 28 2 2
10 2 9 1
40 8 7 8
5 77 7 5
3 41 1 10
76 62 2 4
67 48 6 9
89 58 9 3
45 50 3 6
65 17 5 2
85 24 3 10
93 3 9 7
54 1 4 8
25 97 8 7
32 1 2 2
31 89 3 5
70 52 4 2
100 53 4 9
35 31 10 5
22 86 4 8
45 84 5 8
33 37 1 4
22 8 4 4
98 91 9 3
5 31 7 5
15 2 9 1
60 27 4 1
5 13 2 2
64 56 6 6
7 90 2 1
69 15 8 9
72 18 5 4
82 58 6 7
21 75 6 3
75 54 7 3
70 16 9 7
92 7 3 6
76 15 1 8
87 11 8 6
29 62 5 6
70 14 9 2
5 20 6 1
53 31 7 9
15 75 3 7
39 5 5 7
59 97 7 8
1 61 5 3
48 58 2 5
68 89 1 1
78 19 4 3
73 26 3 9
35 78 5 4
70 80 10 2
75 95 3 6
18 42 5 10
12 59 8 1
36 3 1 7
47 91 4 5
64 65 5 10
68 49 6 1
75 40 2 9
33 61 5 7
10 71 9 3
46 75 7 2
18 51 7 10
61 12 7 5
32 56 6 10
34 5 4 9
57 7 10 8
80 84 3 2
75 41 8 2
55 11 5 10
95 20 6 2
24 39 3 9
13 27 5 8
16 93 7 1
72 1 5 3
16 14 7 9
90 55 3 1
30 86 4 7
23 76 3 1
89 91 6 8
26 91 10 6
68 98 7 5
76 48 10 2
83 59 4 5
84 33 8 6
91 5 9 7
56 21 10 7
37 59 9 4
34 36 9 8
12 58 1 3
64 72 2 1
81 51 1 3
45 83 8 10
22 52 8 10
23 7 2 7
84 93 4 4
70 53 7 10
64 41 6 2
19 48 3 1
95 41 9 2
40 79 2 7
65 57 6 1
73 27 4 7
53 99 6 5
35 69 2 10
2 75 10 4
52 34 10 5
22 27 7 9
68 39 9 5
85 40 1 10
93 89 9 2
38 15 4 2
13 6 6 9
95 77 7 9
100 57 7 3
70 6 5 4
6 94 1 2
14 90 10 6
49 88 1 5
100 68 2 3
89 80 10 5
84 37 10 10
69 16 3 8
63 42 6 3
72 52 8 9
30 100 9 2
44 30 4 5
83 29 6 8
18 3 2 1
47 96 9 8
47 87 7 10
86 67 4 9
64 35 4 6
5 11 8 5
54 69 4 8
1 81 7 4
93 70 7 1
40 22 7 3
100 18 4 7
91 7 9 8
46 18 10 5
60 86 4 10
4 13 6 10
23 100 1 1
63 95 3 10
79 56 7 3
8 73 8 2
88 58 1 1
100 80 2 6
20 64 6 10
56 5 4 3
14 55 6 6
44 45 10 4
37 74 5 2
94 61 4 2
33 27 8 1
20 83 3 9
5 24 6 1
85 52 3 5
54 7 9 2
84 68 5 9
47 90 4 2
7 5 4 5
89 59 5 9
35 87 7 3
100 1 5 10
17 100 6 8
97 34 5 10
22 12 7 3
49 80 4 5
62 17 1 3
26 78 1 3
28 83 6 10
93 91 3 10
39 32 3 10
29 86 8 2
70 60 1 1
14 34 2 6
76 25 10 1
62 50 8 2
59 55 2 3
52 33 5 8
64 88 2 4
72 6 1 1
68 45 7 5
16 44 4 1
92 42 5 10
56 18 6 10
64 44 1 9
46 54 3 5
62 11 8 4
53 97 6 4
49 55 2 1
98 12 10 2
31 76 2 5
57 3 7 4
61 48 10 2
2 61 5 5
8 30 9 9
4 82 8 10
42 60 2 1
30 61 4 4
100 64 8 2
69 27 7 10
20 55 9 9
86 20 6 4
61 9 3 7
73 81 10 4
92 20 5 10
92 83 2 10
25 81 5 3
75 52 4 5
87 65 2 9
41 22 9 4
37 34 6 6
67 5 5 1
48 85 4 1
27 74 3 1
77 46 3 10
89 22 3 5
77 11 9 6
3 49 8 8
13 48 9 10
72 49 3 1
86 52 1 10
9 69 10 9
53 54 5 10
7 19 7 1
31 9 2 10
13 89 6 10
33 26 1 6
39 74 5 9
19 61 4 8
53 32 5 4
85 46 7 1
80 95 9 9
13 16 1 3
89 14 6 10
21 63 2 2
45 97 7 6
67 25 7 4
97 87 7 4
35 54 5 2
66 61 2 6
95 71 10 2
50 88 2 8
79 46 1 6
45 5 4 8
22 91 7 3
34 12 8 1
72 65 5 10
3 90 9 9
93 18 10 8
82 33 6 3
78 81 3 9
3 2 10 7
30 7 6 7
10 35 10 3
69 66 1 5
26 49 3 4
65 29 6 2
50 92 3 9
84 38 10 10
33 50 8 10
49 76 3 5
86 5 6 9
47 6 4 10
54 49 8 10
68 86 5 4
37 18 1 3
25 11 7 10
16 62 5 2
54 40 10 7
60 82 1 2
49 41 2 3
86 23 3 5
19 72 3 1
39 77 2 1
56 13 3 8
9 75 4 2
58 85 4 10
42 33 5 7
98 96 1 2
13 70 10 6
39 91 7 10
24 61 6 7
50 17 1 8
99 44 9 6
4 34 7 5
24 74 8 2
90 56 2 6
6 86 3 9
52 3 7 5
65 13 2 9
3 96 2 4
80 74 7 1
80 20 10 9
3 28 1 9
2 41 2 8
11 7 7 10
85 5 2 9
9 41 1 9
62 91 7 7
78 71 3 7
83 62 1 2
3 97 6 6
28 10 3 4
17 76 5 7
43 88 8 6
51 30 10 7
59 3 8 10
92 96 5 3
13 73 6 3
80 58 3 2
68 73 7 3
46 55 7 9
91 24 8 2
51 78 1 5
85 54 8 5
72 97 2 9
38 74 4 6
73 42 6 7
78 38 8 3
58 2 3 7
22 38 9 10
60 6 3 2
36 84 7 6
20 27 6 10
34 47 5 9
81 89 1 1
94 20 2 9
55 26 9 6
51 4 9 6
95 36 5 7
70 57 10 1
45 71 7 1
4 64 2 8
86 40 1 8
21 70 7 1
93 60 1 3
61 32 3 5
72 47 6 2
96 78 9 8
85 87 6 2
85 18 1 6
65 25 5 5
25 27 7 7
70 3 1 7
57 17 5 8
81 12 7 4
35 56 3 10
48 47 1 3
42 24 8 4
9 5 9 10
76 5 5 3
45 52 5 10
29 7 2 2
27 15 4 6
64 11 2 1
20 81 4 3
88 51 5 5
35 34 9 6
22 35 6 8
93 78 2 6
25 53 6 8
81 72 6 8
82 90 10 6
44 98 10 9
39 71 9 3
3 45 6 9
90 32 3 8
59 6 4 9
66 12 1 4
70 73 5 6
35 100 9 3
70 96 6 8
74 28 10 5
57 64 1 10
78 32 7 7
3 34 3 9
93 75 1 1
76 68 2 9
96 69 7 7
39 41 9 8
18 15 6 4
92 75 5 4
56 31 8 7
97 83 10 4
33 86 9 1
42 15 2 8
42 54 6 1
97 14 7 5
9 47 5 10
93 15 4 3
78 90 10 6
16 52 8 2
33 35 1 8
85 15 10 2
84 17 10 6
71 31 9 6
25 22 3 4
79 22 2 1
32 77 3 8
30 20 3 6
87 41 1 1
8 53 1 2
59 95 9 10
46 43 5 4
50 54 5 3
65 97 2 6
24 31 8 9
96 29 9 6
38 52 3 10
32 71 3 4
10 82 4 1
72 21 9 9
76 85 5 4
66 8 7 1
55 31 5 2
56 93 10 1
84 15 9 5
4 71 5 3
85 41 8 1
25 57 8 2
4 46 8 6
2 19 9 6
42 20 1 5
26 36 10 7
27 77 10 5
5 66 6 4
56 6 8 5
70 37 4 8
9 77 10 2
34 56 4 6
5 28 9 5
43 100 3 4
55 93 6 8
90 84 10 3
11 76 1 9
75 55 2 9
28 71 4 8
80 73 9 10
10 3 4 2
8 3 9 10
53 66 1 4
70 20 5 4
22 20 6 4
61 51 8 9
33 24 1 5
88 19 1 9
99 67 4 6
83 1 2 5
23 24 3 5
43 24 10 10
20 2 6 3
21 31 7 4
56 97 3 10
35 8 2 9
39 6 6 8
8 60 2 5
47 95 7 7
31 7 8 6
92 47 10 4
32 35 1 3
80 66 10 1
81 70 4 8
88 35 10 10
17 21 9 7
87 6 5 1
20 82 1 10
94 93 4 2
70 79 6 5
94 30 2 2
17 99 6 1
77 78 3 10
100 86 3 1
52 23 9 2
95 86 9 10
78 88 2 1
36 18 8 8
59 22 5 6
44 8 4 8
54 24 10 2
38 54 6 2
2 24 7 2
84 5 1 4
75 57 1 6
8 34 3 7
97 76 9 8
90 62 10 3
99 47 8 6
45 73 9 4
16 65 10 1
40 59 10 5
68 75 3 2
99 75 4 2
77 57 5 5
70 98 7 4
44 97 3 3
98 90 4 4
11 33 5 6
95 25 6 5
99 46 10 5
28 40 5 7
64 14 1 5
45 33 9 3
49 63 2 10
11 69 8 8
32 43 5 6
32 91 2 8
15 54 4 4
24 93 10 9
73 85 6 1
16 74 9 4
9 81 2 4
11 39 10 5
71 25 1 2
36 68 6 4
14 49 1 6
92 18 6 3
66 56 2 3
17 7 3 4
83 36 9 9
55 47 2 6
71 14 5 6
88 18 3 4
54 65 10 5
78 74 3 2
10 80 9 4
20 39 1 1
66 94 1 3
40 63 7 4
26 6 2 5
35 14 5 10
69 55 10 6
21 58 2 9
92 52 5 8
69 44 3 4
92 88 3 5
91 40 5 8
7 26 10 1
7 75 8 3
63 78 9 10
28 49 6 8
12 16 1 6
43 67 3 10
22 92 5 4
24 60 5 1
68 72 4 7
54 86 10 9
82 2 1 4
88 27 10 3
77 100 10 2
56 51 3 1
97 81 8 10
48 16 2 4
95 88 6 7
100 82 7 7
64 79 10 7
7 70 9 9
98 6 9 4
3 73 9 2
36 89 5 5
13 37 3 5
85 36 9 5
5 10 5 1
53 1 5 3
12 93 9 5
40 88 10 10
9 68 9 8
87 5 8 9
65 40 1 6
28 82 5 4
31 30 2 4
7 27 7 8
71 55 4 3
64 95 8 7
71 92 4 1
12 19 1 7
92 54 5 3
17 73 6 10
13 2 4 4
61 42 7 4
51 41 7 4
42 78 3 3
84 58 8 9
74 87 8 9
27 62 5 7
34 19 9 1
95 31 8 4
30 23 10 2
54 4 4 7
33 12 7 9
65 14 5 6
21 50 6 1
71 38 5 6
47 56 3 8
58 24 6 8
94 28 2 9
79 71 1 7
72 12 4 10
90 31 3 7
40 67 10 10
64 5 3 9
37 56 6 7
19 55 5 3
83 37 1 10
31 58 8 9
28 75 5 4
47 76 5 4
17 95 6 7
86 28 2 3
39 75 4 6
70 25 4 9
48 64 7 8
23 26 5 10
5 79 7 10
23 84 3 8
16 8 10 4
72 35 8 5
83 31 5 1
82 99 3 9
56 22 5 8
23 81 9 9
65 92 5 2
79 96 7 8
13 92 5 9
36 15 4 1
47 4 4 10
46 39 2 2
43 85 8 8
16 87 5 8
13 19 5 7
48 78 1 6
88 41 10 6
46 36 8 1
53 78 1 4
25 18 8 5
23 47 8 1
47 2 7 5
44 55 4 6
96 64 6 6
14 25 8 9
42 9 10 1
33 43 10 6
80 25 5 2
10 27 2 1
70 26 10 1
24 52 6 7
77 52 8 7
51 53 4 5
73 69 2 4
75 96 8 8
5 48 3 1
14 72 1 4
20 76 8 9
69 13 10 5
92 59 9 4
35 70 3 9
52 96 2 10
81 29 6 9
49 87 4 5
32 41 2 8
60 9 2 4
82 51 8 5
83 11 5 3
38 65 3 4
19 29 3 7
21 3 5 4
22 37 9 4
44 60 4 4
83 81 3 4
27 3 10 7
84 32 2 2
38 50 9 7
4 45 7 7
48 100 10 2
69 40 1 5
29 15 1 10
86 74 8 6
20 99 7 9
94 51 2 8
38 99 9 2
42 32 3 2
24 100 10 6
36 20 9 5
61 3 10 8
33 57 10 3
6 73 6 6
66 87 5 6
31 42 10 1
75 69 5 1
9 74 8 2
73 22 5 7
11 66 5 7
36 27 8 4
36 14 1 3
19 52 3 9
57 27 2 10
74 75 8 6
100 38 7 9
92 48 10 6
12 68 4 2
44 57 6 10
45 66 7 8
8 15 8 10
85 9 3 2
10 54 4 3
11 22 7 7
41 55 1 6
32 67 9 8
63 4 8 3
14 31 6 2
27 38 10 2
74 64 8 9
5 81 9 1
17 8 10 10
63 91 7 1
73 63 7 5
76 35 6 9
83 73 3 5
12 10 4 6
11 28 8 3
21 60 1 10
97 5 5 9
97 52 9 5
18 90 8 1
8 84 7 9
39 40 3 6
27 53 10 2
29 79 9 1
25 45 7 8
51 43 3 2
18 99 7 3
73 100 9 8
36 55 4 10
67 98 3 8
85 10 6 10
68 11 2 7
51 59 4 3
34 99 2 5
13 52 2 5
41 59 3 9
68 52 5 6
28 6 5 8
51 11 3 5
50 8 9 10
73 21 10 1
3 92 1 4
6 69 9 1
37 95 3 5
73 9 2 1
66 36 9 5
62 53 9 8
5 6 6 1
63 2 7 9
89 84 5 7
24 11 9 4
84 59 2 1
6 97 6 1
29 93 4 1
29 50 4 2
12 71 10 6
42 100 1 7
18 13 5 7
89 18 3 3
11 85 3 5
32 83 6 8
35 66 8 5
62 57 6 1
72 15 9 4
79 26 3 2
78 69 8 2
65 88 8 8
46 88 3 5
58 56 10 3
62 30 2 8
38 56 7 2
83 78 9 1
20 18 4 2
62 56 2 10
60 30 4 6
95 9 10 4
27 59 7 7
69 39 2 4
31 77 5 6
100 41 9 7
72 77 6 3
3 99 9 1
99 86 4 7
58 57 6 10
86 70 1 3
30 33 10 1
78 94 3 10
32 79 9 10
69 59 10 2
31 100 1 5
41 4 5 5
60 74 9 5
76 98 2 6
72 63 10 6
86 41 1 5
66 78 6 3
24 38 2 6
49 1 5 7
30 25 7 6
89 90 1 7
97 40 5 1
76 30 9 8
80 28 10 5
55 72 9 10
43 41 7 8
22 87 10 7
69 63 5 6
66 3 4 6
56 11 2 2
93 57 3 10
98 30 1 6
54 39 10 3
67 1 5 3
28 30 5 8
9 13 7 2
78 89 3 6
82 62 4 6
66 6 2 1
66 27 2 9
39 100 7 4
53 68 4 8
3 95 7 7
94 26 8 1
41 15 7 2
42 47 7 1
71 6 2 9
18 29 5 2
7 34 6 6
18 7 6 10
32 34 10 8
91 56 2 3
21 55 4 9
45 38 5 9
59 94 10 1
39 2 7 4
36 2 1 1
60 18 1 1
91 57 1 9
30 32 2 2
19 98 6 3
18 84 7 8
4 87 5 4
45 94 1 6
27 56 2 4
1 34 5 4
52 10 7 9
96 27 9 5
44 24 1 8
31 86 9 6
3 15 1 6
25 62 8 8
8 27 1 6
96 37 7 1
31 39 3 4
19 79 10 10
98 42 4 5
98 14 2 2
45 47 7 9
77 18 5 1
86 17 1 7
40 90 4 2
55 68 6 4
44 84 6 7
25 26 8 4
29 39 1 5
85 95 1 2
52 98 3 7
15 82 1 9
97 4 8 10
85 66 10 5
59 26 5 8
90 15 10 8
66 41 3 10
63 98 8 7
40 43 1 5
10 81 4 6
76 80 4 3
28 99 5 1
50 71 10 10
80 16 1 2
56 99 2 7
12 35 10 6
61 10 1 7
69 71 3 10
94 99 1 6
7 21 7 10
37 30 5 3
11 93 3 9
34 40 2 10
58 11 10 4
86 58 8 10
65 99 10 5
72 83 1 10
46 22 7 9
10 34 6 7
90 16 1 2
96 57 1 5
98 15 4 1
43 91 9 6
17 3 8 2
38 91 10 10
87 45 6 3
44 34 3 9
55 82 2 1
7 56 8 2
36 58 4 1
83 27 5 4
75 14 7 1
21 16 9 9
43 42 8 10
92 39 5 3
25 40 7 1
9 64 4 8
21 36 8 10
6 46 5 4
74 15 7 7
37 4 1 8
83 24 3 4
53 58 5 8
53 94 1 2
27 35 2 1
85 60 2 10
26 39 3 7
79 72 1 10
12 26 2 7
33 98 10 7
10 46 5 8
86 63 7 5
43 61 3 3
51 13 10 6
75 80 10 2
1 59 4 8
95 7 8 4
71 63 2 8
16 28 5 4
6 68 3 10
68 51 7 5
30 84 5 3
1 26 8 2
72 61 3 10
15 44 6 6
92 63 3 4
87 98 2 10
61 37 2 7
86 42 4 3
19 16 5 10
70 27 1 2
75 27 6 9
69 33 5 8
90 22 2 2
99 5 5 5
28 7 4 9
38 58 6 2
94 16 10 1
58 69 1 1
86 26 1 4
3 53 7 8
93 88 10 1
48 88 10 9
1 40 10 5
42 6 10 3
45 88 5 10
85 61 6 6
34 28 1 1
29 95 4 5
51 31 10 6
6 1 9 8
15 56 2 4
34 39 8 8
36 8 8 5
33 14 2 1
76 50 10 9
48 54 1 1
67 77 1 8
1 75 2 10
93 20 9 7
32 74 6 10
22 4 6 9
91 66 7 10
10 87 6 4
20 63 1 4
78 68 10 3
64 59 10 1
28 67 7 7
9 27 4 10
30 40 2 2
12 15 2 5
14 48 2 6
71 44 5 6
47 13 9 5
25 92 4 9
62 48 5 4
16 47 10 1
24 65 9 6
27 1 9 5
8 77 4 3
17 18 9 5
81 96 4 5
40 36 7 6
78 84 5 6
3 24 1 2
20 31 6 5
67 14 7 10
88 59 10 5
19 64 9 8
61 36 6 6
15 17 3 2
24 32 7 6
47 49 7 2
97 54 8 1
70 78 1 3
63 96 1 1
99 74 9 4
47 14 7 3
24 70 2 4
86 25 9 9
9 54 4 5
23 51 1 3
17 9 6 1
5 22 8 6
78 61 6 4
18 67 3 1
15 52 8 7
65 76 8 2
14 21 7 6
22 50 3 2
7 99 5 1
62 63 1 10
39 55 7 9
60 59 3 3
86 92 2 3
59 31 9 8
45 100 6 7
26 16 3 2
15 97 2 10
8 31 10 2
62 22 2 3
80 18 9 7
82 78 9 4
3 74 1 8
86 59 2 3
72 60 5 10
62 85 2 1
70 89 9 1
41 50 6 4
85 1 3 3
84 97 7 2
88 87 10 6
99 29 10 9
100 16 2 2
32 50 7 6
36 23 9 9
70 63 5 6
24 45 10 4
36 90 7 9
66 96 1 8
24 18 5 10
9 39 6 8
36 52 1 7
86 78 2 1
27 99 7 9
67 37 4 10
8 10 7 6
2 97 2 5
91 94 10 8
85 22 8 8
71 97 4 5
90 35 1 2
67 90 9 3
37 97 2 8
11 73 10 10
10 100 2 9
68 90 1 3
16 49 9 6
20 67 6 7
36 1 1 4
38 64 5 4
16 77 7 4
45 51 4 2
50 28 4 6
20 11 3 1
85 29 8 6
69 14 1 6
33 53 9 6
82 61 1 6
58 83 4 7
32 62 5 8
9 88 2 4
59 81 3 4
18 97 8 8
68 38 6 9
48 96 3 1
10 1 4 6
19 82 4 6
33 74 3 10
98 36 4 4
88 47 3 1
45 14 4 2
96 85 3 5
70 87 2 9
9 99 9 4
94 43 10 7
47 82 9 4
7 84 7 10
62 19 8 4
84 39 6 5
26 74 3 6
21 46 10 1
81 3 6 2
99 49 4 2
80 54 3 10
9 28 6 7
91 3 9 5
46 62 5 7
48 68 7 3
59 10 10 5
94 5 1 7
66 98 7 9
30 78 3 9
44 35 2 3
86 45 2 8
21 74 3 6
85 31 10 6
19 8 4 3
14 96 6 9
19 59 9 10
61 91 5 8
21 95 2 2
11 27 8 1
7 38 2 4
1 58 4 1
1 79 4 9
88 44 10 1
57 53 2 4
21 84 9 6
96 32 7 1
3 48 4 7
14 61 6 3
90 54 7 5
96 56 5 4
33 10 9 6
16 55 8 6
15 57 7 7
93 86 3 2
96 22 10 8
11 57 8 9
89 33 8 1
47 57 5 2
43 21 2 2
1 19 10 1
96 35 5 7
80 15 5 10
44 65 10 9
72 40 4 1
8 45 7 4
96 77 3 2
42 49 5 3
48 77 5 1
75 42 8 3
23 17 3 3
68 43 10 10
74 79 5 2
47 18 10 1
58 92 1 6
38 92 1 8
44 19 5 8
34 92 10 3
31 50 7 2
52 20 6 3
98 39 10 10
95 57 4 2
53 6 9 8
84 47 2 1
100 60 8 8
34 33 8 2
28 19 3 2
92 69 6 9
54 94 2 5
32 82 1 9
90 45 1 1
86 77 8 5
57 63 6 7
25 35 8 8
95 24 3 3
47 60 2 5
88 71 8 7
72 10 2 2
29 89 10 10
37 64 3 6
44 72 1 1
51 54 4 7
47 85 3 6
63 75 3 4
47 46 9 9
100 61 1 6
77 58 3 5
83 63 9 3
70 88 3 1
90 72 8 10
91 13 9 9
88 76 9 3
89 54 7 7
87 82 4 6
25 38 4 4
68 1 7 5
15 87 1 8
51 96 9 2
73 41 10 10
50 78 4 10
32 38 10 9
39 1 5 9
79 41 2 8
19 9 4 9
74 35 6 5
67 72 8 8
34 85 1 3
93 62 7 8
33 22 5 3
17 52 3 7
60 3 4 1
62 38 9 6
27 94 5 10
63 97 5 4
19 10 6 4
77 56 6 7
76 75 4 4
87 56 10 10
1 5 10 8
32 76 6 7
34 53 9 6
18 12 4 10
63 39 9 3
92 60 8 10
91 46 9 6
100 44 5 10
96 72 9 9
100 6 9 7
73 88 5 1
44 42 4 8
94 83 9 7
40 45 4 5
90 33 10 3
4 29 7 6
85 21 5 3
97 86 10 9
50 49 3 8
29 84 6 5
93 69 9 6
98 74 9 2
74 40 5 5
2 93 9 4
6 9 1 7
24 17 1 5
88 79 4 5
49 90 2 6
55 2 9 6
13 42 10 10
98 32 6 8
54 11 8 6
63 41 5 1
52 61 7 9
43 57 5 10
62 66 7 10
3 85 9 9
99 22 1 2
64 24 6 9
14 99 3 10
94 7 1 6
31 98 5 4
97 20 9 3
93 5 1 4
96 6 8 5
51 62 8 7
72 38 4 4
38 6 4 9
66 44 9 6
47 68 4 3
38 67 9 6
36 56 5 9
16 50 8 4
8 52 7 6
18 86 6 1
56 98 1 5
77 36 2 3
98 50 6 10
91 42 9 2
39 8 10 4
95 99 10 4
77 99 10 6
56 54 3 3
91 20 9 5
55 80 1 1
29 34 3 4
6 15 10 3
46 1 4 9
66 33 3 9
15 31 7 5
45 64 1 1
60 63 4 5
40 32 5 9
74 93 1 1
79 57 8 2
13 77 3 10
83 51 8 8
9 34 10 1
18 14 1 8
1 94 8 4
26 90 4 4
41 26 1 5
42 58 10 7
10 17 5 8
45 67 3 9
95 96 6 10
59 38 10 10
82 31 6 7
55 81 8 10
43 29 3 2
24 47 7 3
89 96 8 10
100 74 10 8
83 65 5 8
15 43 1 4
48 33 7 7
35 60 8 1
77 1 7 7
92 21 2 10
65 55 4 3
83 49 9 1
44 76 5 6
53 83 4 3
23 10 5 2
48 42 8 10
12 36 6 2
39 65 9 8
89 63 4 7
10 95 3 9
74 10 1 6
17 45 3 10
55 51 8 4
47 81 9 2
12 17 5 1
96 4 8 3
86 15 7 4
32 11 5 8
52 1 5 2
56 63 2 8
46 72 2 6
57 4 4 10
2 69 4 7
91 35 6 2
49 34 2 5
41 74 6 4
84 46 7 1
72 24 1 7
18 32 6 6
99 92 10 7
80 50 6 4
29 25 1 3
97 64 10 10
56 10 6 7
18 91 1 10
95 14 8 9
10 77 7 5
89 32 1 8
43 60 3 10
87 21 4 7
28 47 4 7
2 71 4 7
36 70 6 4
72 85 3 6
55 63 7 9
83 9 4 4
64 39 10 10
80 17 8 3
95 15 4 4
2 43 6 4
58 33 3 6
52 40 5 9
5 71 8 3
37 90 3 9
85 13 6 8
32 44 3 5
22 18 5 6
40 80 6 4
5 58 3 1
53 36 8 4
80 64 5 2
81 2 7 3
38 35 1 10
83 38 1 6
92 4 5 9
5 38 1 8
9 15 2 4
31 97 10 5
37 21 8 1
7 71 6 10
38 12 1 4
62 87 9 10
14 15 2 7
82 43 6 7
74 31 9 1
89 56 7 6
38 44 2 8
29 33 3 7
10 51 2 4
1 29 5 7
53 81 3 7
98 41 1 6
81 34 3 6
23 62 3 8
36 30 4 8
69 26 2 7
13 25 6 1
19 86 2 1
23 44 4 7
57 13 3 9
86 24 7 6
1 8 4 9
32 80 3 7
26 88 10 6
32 26 2 4
1 78 6 2
37 2 3 7
64 73 4 4
30 21 10 5
28 57 1 2
29 67 8 6
56 12 9 2
99 19 9 6
41 76 7 10
84 67 5 4
24 90 3 5
61 41 8 6
17 98 9 8
8 75 1 6
47 21 1 5
83 33 1 9
24 94 1 1
87 29 4 2
70 9 5 4
50 5 9 1
51 24 6 5
48 86 9 2
66 68 2 1
51 50 4 10
1 9 3 8
52 84 8 8
75 3 6 7
53 71 5 6
83 90 3 7
30 3 1 6
5 21 2 3
66 55 7 2
63 61 7 2
89 9 5 5
4 36 2 7
79 30 3 9
28 44 9 4
12 53 8 1
28 52 1 9
31 92 8 3
50 72 10 1
77 15 6 9
52 95 5 1
7 24 7 10
35 79 7 7
69 3 6 2
82 59 2 3
66 39 6 2
41 90 9 9
8 86 10 5
74 47 3 8
41 11 5 5
61 11 10 7
44 3 3 9
54 23 3 4
58 87 9 7
58 46 9 5
73 49 10 3
55 32 6 10
76 46 8 2
62 80 9 5
26 47 9 3
42 16 5 2
89 87 9 9
47 79 4 3
73 24 10 5
98 3 5 4
96 11 10 5
59 15 1 8
80 1 5 1
53 96 10 8
12 41 5 10
1 45 8 4
10 45 6 7
29 44 7 9
56 70 9 2
62 52 1 9
98 53 6 9
59 14 6 10
65 41 8 7
69 28 3 7
27 26 4 6
30 92 10 9
83 87 8 1
4 12 2 1
49 70 3 1
60 45 10 9
63 80 4 7
100 3 5 3
80 2 8 4
97 89 2 6
85 100 8 8
32 85 3 4
99 88 8 8
52 65 4 8
50 52 9 2
38 23 3 2
4 49 2 1
21 80 3 9
27 67 2 7
43 7 8 6
57 49 5 7
97 57 10 1
5 47 4 8
19 85 10 7
2 77 10 5
62 9 9 8
9 20 1 5
91 64 8 7
84 99 6 10
40 29 3 2
55 52 2 4
65 21 7 1
54 81 8 2
31 33 10 2
7 9 2 10
36 57 3 1
25 6 1 5
13 96 6 6
56 24 5 7
9 45 4 4
22 24 3 5
67 95 1 8
38 70 8 1
15 70 5 9
54 45 2 9
91 96 10 7
25 66 2 4
67 70 7 5
13 68 2 9
98 29 7 10
17 19 7 5
88 54 2 9
85 44 1 2
99 90 3 9
45 72 1 8
23 94 2 5
34 68 7 7
23 68 8 2
77 54 10 6
90 21 6 6
59 96 3 7
32 27 5 2
18 71 4 1
48 38 5 9
64 40 5 9
7 88 7 3
46 52 7 9
78 39 3 2
46 70 7 6
14 74 1 3
46 45 4 6
8 85 1 1
96 36 8 9
67 10 6 5
43 97 4 5
51 84 4 9
32 58 6 10
27 5 9 7
21 69 2 7
30 90 2 2
84 88 9 9
75 60 1 7
1 17 5 4
32 75 2 2
30 91 10 8
16 83 9 10
8 24 8 3
79 9 10 3
77 28 6 7
6 17 9 1
88 68 9 7
30 71 2 4
67 75 10 6
53 82 4 7
76 89 10 8
9 87 4 7
28 23 1 7
29 53 1 2
20 87 10 10
55 56 9 2
26 97 3 10
96 71 4 4
4 100 6 4
35 98 2 5
46 71 8 7
32 46 8 9
65 37 10 8
13 28 2 10
21 22 9 4
59 46 8 9
81 74 7 9
83 23 6 2
49 22 8 6
30 46 9 9
7 80 4 6
52 48 8 6
98 8 1 7
55 13 3 3
8 23 10 10
1 74 3 5
73 71 8 2
51 40 2 8
44 12 6 10
85 4 10 5
44 67 8 8
11 63 9 1
81 76 8 8
50
12
70
19
41
3
62
56
57
85
10
48
31
14
30
52
79
99
44
16
100
81
80
28
49
53
96
63
9
90
98
87
82
8
58
50
86
11
91
64
68
24
23
65
75
1
32
17
21
20
47
500
KABUR 89 21
SUPER 21 30 71
SUPER 44 26 1
KABUR 87 15
SIMULASI 19 39 75 15 73 53 14 35 69 98 36 60 45 84 4 23 76 2 88 74 
SUPER 93 10 52
SUPER 6 28 69
SUPER 66 89 45
SIMULASI 30 11 61 4 52 67 63 70 79 76 20 75 62 99 84 14 53 21 2 81 19 43 90 65 7 29 73 36 47 96 92 
SUPER 42 3 47
KABUR 9 84
KABUR 38 97
SIMULASI 83 2 24 29 15 58 79 48 71 74 44 8 46 65 81 62 13 42 89 38 40 23 20 27 53 17 54 30 41 93 82 96 73 67 37 56 95 31 66 14 72 88 36 59 3 63 97 68 9 18 28 75 85 100 57 90 78 55 70 92 91 50 34 35 84 4 86 1 99 87 80 11 98 6 16 21 10 77 64 83 69 12 7 39 
KABUR 21 100
SIMULASI 21 75 5 71 16 70 97 100 13 76 96 10 51 45 77 88 60 53 15 79 2 67 
SUPER 11 81 41
SIMULASI 85 100 97 37 90 66 43 25 20 55 29 75 17 10 46 99 41 52 85 30 89 22 79 78 73 16 76 23 42 6 48 15 40 49 68 94 44 33 92 8 3 51 80 62 64 87 50 47 93 84 63 28 65 31 11 14 81 13 34 86 7 67 4 19 35 26 96 56 24 59 53 27 58 45 71 69 2 95 32 39 57 88 74 21 61 83 
SIMULASI 7 96 37 78 50 88 69 46 
SUPER 79 92 85
SUPER 82 44 65
KABUR 92 11
KABUR 60 76
SIMULASI 60 68 33 22 23 76 39 61 98 81 87 40 12 99 44 85 92 93 20 57 55 53 91 89 77 16 83 47 29 36 11 71 66 31 19 28 14 27 50 58 73 51 7 78 82 9 67 26 45 54 96 59 10 38 100 52 8 30 86 42 64 
SIMULASI 20 83 43 61 28 12 48 67 57 25 35 26 24 60 79 39 95 91 9 53 86 
KABUR 93 99
SUPER 7 38 36
SUPER 89 68 53
SUPER 69 71 10
KABUR 99 6
SUPER 26 59 65
KABUR 29 6
SUPER 26 17 51
KABUR 94 45
SIMULASI 3 52 24 26 
SIMULASI 85 21 25 35 92 52 22 27 87 43 28 64 12 2 10 39 93 6 44 86 91 26 71 74 63 94 29 60 41 66 40 89 11 37 32 17 77 69 53 9 88 80 18 14 34 8 42 98 79 85 33 75 20 51 90 68 45 62 7 65 70 30 96 81 36 1 50 58 76 3 57 24 99 23 61 19 73 38 83 59 49 46 55 31 48 95 
SUPER 15 6 19
SIMULASI 1 38 
SIMULASI 57 18 28 37 63 42 99 11 77 78 69 84 95 35 57 85 56 91 13 30 22 75 62 9 90 72 27 70 26 74 23 93 25 3 12 59 45 5 33 44 31 92 10 32 16 46 7 15 76 58 96 94 52 48 29 39 64 97 
KABUR 87 55
SUPER 18 89 54
SIMULASI 26 1 90 12 15 67 46 61 94 81 19 93 92 58 62 29 56 74 27 78 5 8 59 49 85 82 3 
SIMULASI 17 93 53 85 71 45 88 36 32 99 70 67 62 22 1 14 52 29 
KABUR 87 18
KABUR 39 100
SIMULASI 86 32 99 98 2 39 19 45 1 12 52 82 97 15 75 27 53 57 22 85 36 68 62 93 74 64 91 25 87 33 43 55 13 56 81 92 9 7 73 41 46 50 79 29 59 11 49 100 89 96 28 86 65 4 38 37 51 35 66 17 20 40 84 76 21 31 18 47 61 72 44 14 67 70 5 26 54 3 48 78 58 23 90 95 30 83 42 
SUPER 100 99 98
SIMULASI 77 74 54 22 65 3 6 35 87 85 39 17 27 88 1 91 97 60 18 58 55 73 15 75 51 83 64 67 79 71 49 14 99 29 9 94 96 36 68 32 76 50 84 21 33 19 28 86 37 81 5 4 90 45 41 10 80 77 57 34 92 26 38 62 43 82 63 66 56 59 13 53 20 12 93 72 16 11 
SIMULASI 99 44 70 6 27 82 71 42 72 78 77 46 38 11 34 41 40 76 60 17 35 28 80 87 20 84 7 21 25 53 13 97 75 47 55 43 54 64 2 32 59 5 63 56 29 81 74 94 50 100 10 49 65 30 90 91 73 69 45 93 58 88 24 68 19 99 18 92 15 51 57 22 96 4 3 23 39 86 98 48 79 9 61 1 33 37 12 85 16 14 83 52 36 8 31 66 89 95 26 62 
SIMULASI 80 10 23 48 83 67 89 34 98 13 58 19 72 52 24 100 37 11 9 73 75 21 4 87 47 51 93 85 38 42 62 3 36 84 17 71 41 61 82 79 65 97 80 15 59 74 32 1 99 2 68 96 55 29 94 60 49 30 39 22 35 69 57 8 6 33 5 54 18 40 88 14 78 53 70 77 44 46 25 92 64 
SUPER 23 86 57
SUPER 57 4 18
SIMULASI 82 79 91 56 84 71 51 38 40 33 42 57 13 27 69 31 97 20 96 28 62 21 5 85 35 66 3 64 47 76 37 9 45 90 12 44 72 86 41 19 59 48 61 17 1 73 22 23 82 65 99 36 100 2 52 25 93 77 53 70 4 78 14 16 7 58 92 63 75 15 29 89 83 10 88 94 87 98 60 49 39 68 50 
SUPER 73 66 78
SUPER 37 28 81
SUPER 20 34 54
SUPER 50 42 56
KABUR 45 82
KABUR 18 23
SIMULASI 70 95 45 2 83 46 72 44 48 73 99 62 87 75 18 71 13 15 36 6 76 24 22 100 21 39 26 74 56 96 16 40 3 30 27 70 47 92 57 64 91 20 33 89 52 93 79 43 11 60 42 55 78 1 23 25 59 65 68 85 10 7 51 86 54 94 35 12 19 69 58 
KABUR 94 28
KABUR 83 20
SIMULASI 68 25 66 98 79 44 75 90 24 42 36 9 2 27 74 77 47 23 1 70 97 18 20 12 88 38 48 54 96 89 99 91 7 26 3 34 67 100 85 68 50 65 43 55 16 94 35 49 30 46 4 14 28 62 40 81 78 39 8 41 37 5 60 63 87 52 64 29 84 
KABUR 37 36
KABUR 60 95
KABUR 43 50
SIMULASI 89 90 18 68 72 91 71 48 86 77 36 39 1 60 69 83 56 33 58 63 89 96 97 11 93 7 94 29 17 3 81 100 22 8 23 30 2 15 27 19 99 21 55 37 62 24 6 73 51 13 28 80 38 98 84 44 53 4 85 10 34 87 12 59 32 35 54 66 64 42 92 74 41 70 82 14 9 26 78 57 50 75 20 79 67 49 16 46 47 45 
SIMULASI 21 4 98 53 30 1 68 96 57 46 6 24 77 87 93 54 74 51 7 25 37 71 
SIMULASI 41 2 26 79 72 42 9 78 83 58 63 22 67 37 36 43 62 92 85 12 57 98 50 76 74 77 80 6 59 54 96 13 25 21 87 39 90 7 61 97 40 14 
KABUR 8 29
SUPER 93 65 83
KABUR 22 9
SIMULASI 52 14 100 89 5 75 51 66 13 3 15 4 93 87 44 73 38 47 90 77 68 8 9 63 61 67 46 65 6 25 27 94 84 70 95 16 76 35 40 22 96 82 17 60 98 91 81 72 32 19 78 55 26 
SUPER 85 27 55
SUPER 82 11 70
SIMULASI 31 35 44 65 12 7 91 4 84 94 17 8 87 52 29 49 72 1 79 31 14 36 73 96 23 42 13 75 100 71 32 26 
SUPER 7 31 89
SIMULASI 74 2 56 29 3 82 30 49 12 62 86 93 50 65 66 6 69 60 64 92 70 97 67 55 9 35 32 43 47 26 75 28 23 7 83 76 87 48 17 39 25 91 10 13 57 40 11 96 19 20 74 54 33 14 44 78 24 22 41 16 59 61 42 73 5 99 95 4 45 84 21 94 53 1 15 
SUPER 81 44 95
SUPER 63 33 13
SUPER 73 1 80
KABUR 87 67
SIMULASI 20 15 54 27 55 41 57 66 97 77 11 13 92 44 6 43 68 70 8 67 99 
SIMULASI 15 38 21 59 41 98 25 32 56 14 29 94 87 33 74 62 
KABUR 71 66
SUPER 1 3 60
SIMULASI 50 16 88 74 96 19 12 17 50 44 60 94 55 59 46 78 38 92 98 29 40 11 80 35 82 8 89 79 15 53 25 83 93 81 69 71 9 26 4 87 67 21 68 47 28 36 1 37 41 70 13 
SIMULASI 75 59 16 18 11 27 12 31 76 58 80 38 30 52 73 48 6 45 63 69 92 62 54 60 87 25 1 100 85 15 55 68 97 56 61 10 82 79 28 44 2 24 34 83 35 50 21 14 4 47 37 78 19 94 96 89 70 71 32 66 91 23 72 26 22 65 8 40 81 13 64 33 43 95 75 7 
SUPER 1 84 6
KABUR 75 65
SUPER 14 54 31
SIMULASI 53 71 12 72 97 67 57 55 100 19 17 69 84 81 29 50 58 38 27 1 86 25 41 76 87 4 79 65 96 77 16 94 24 64 46 42 20 8 74 89 68 59 62 2 54 35 26 47 33 85 51 60 75 80 
SIMULASI 16 47 54 89 94 70 15 38 59 76 95 87 77 57 7 14 62 
SIMULASI 6 11 15 34 42 70 78 
KABUR 27 89
KABUR 16 2
SUPER 45 64 93
SUPER 13 37 89
SIMULASI 17 81 85 30 47 26 19 94 12 42 25 68 86 14 27 60 5 39 
KABUR 52 63
KABUR 72 89
SIMULASI 92 48 89 10 87 13 61 55 75 26 64 83 70 57 18 41 72 68 12 52 30 24 71 46 84 34 44 59 25 60 76 42 93 9 80 32 36 6 19 20 63 4 67 28 22 17 65 51 69 35 88 91 74 45 11 49 73 94 96 82 21 27 99 38 3 92 77 98 58 40 2 8 5 15 78 47 53 56 62 31 7 85 66 14 29 97 1 43 37 90 100 50 16 
SIMULASI 77 49 20 93 51 82 21 59 87 55 15 78 98 63 94 14 71 41 68 72 92 60 75 81 2 65 79 54 17 38 46 27 12 11 61 90 57 3 96 40 91 18 53 84 58 25 67 29 39 32 56 31 44 35 69 80 26 77 47 89 64 43 13 7 74 42 73 36 52 22 33 100 97 34 88 8 50 30 
SUPER 74 50 37
SIMULASI 26 9 97 98 79 75 23 3 64 11 80 89 93 10 58 1 34 52 59 7 78 42 46 83 77 2 54 
SIMULASI 45 26 22 48 76 77 43 87 10 42 69 25 34 6 4 80 83 72 40 18 32 14 99 58 36 28 45 62 57 37 16 91 20 46 30 5 54 64 47 68 73 97 63 17 8 85 
SUPER 34 94 66
SUPER 81 39 16
KABUR 89 75
SUPER 76 91 63
KABUR 30 8
SUPER 6 48 96
SUPER 95 20 47
SIMULASI 18 24 84 10 20 40 96 14 63 95 12 53 15 46 76 81 58 51 1 
SIMULASI 52 12 54 94 67 14 88 7 91 66 41 10 84 82 76 98 19 42 74 31 71 79 9 24 35 39 52 18 65 60 29 69 75 30 100 33 85 59 17 80 1 43 32 46 63 61 13 64 51 68 70 4 90 
KABUR 70 87
KABUR 63 79
SUPER 47 56 92
SIMULASI 100 36 32 3 75 56 1 98 41 53 20 39 5 26 80 24 57 54 90 8 16 2 49 12 65 4 40 55 100 77 18 59 37 21 30 27 11 38 71 35 61 50 14 23 51 83 86 69 92 97 94 72 15 22 7 31 99 64 47 43 17 74 29 73 28 78 89 85 76 58 68 13 66 9 33 93 67 63 45 95 25 82 62 70 6 52 34 10 42 91 48 79 84 81 44 96 60 19 87 88 46 
SIMULASI 88 97 91 32 12 53 69 11 25 6 89 62 85 63 87 14 13 90 95 44 52 93 18 57 76 100 19 54 10 84 94 83 98 80 71 66 30 17 7 96 81 27 82 8 61 39 79 86 37 40 67 1 41 23 75 43 26 4 58 20 3 2 35 92 64 38 16 42 59 65 46 50 70 48 33 45 60 72 28 77 9 21 68 22 51 15 49 88 5 
KABUR 16 30
SUPER 33 95 38
KABUR 15 53
SUPER 63 74 39
SUPER 54 7 47
KABUR 84 71
SIMULASI 5 99 61 97 30 22 
KABUR 54 44
SIMULASI 60 28 58 76 51 94 17 50 56 84 9 24 12 81 23 32 49 79 91 78 60 73 98 87 4 34 7 67 97 40 11 80 33 63 29 71 86 75 55 19 89 93 44 48 66 45 69 54 21 5 72 30 70 22 85 41 10 88 74 15 95 
SUPER 92 55 20
SUPER 27 23 92
SUPER 30 56 36
SIMULASI 38 100 46 53 52 73 91 65 37 89 71 9 67 98 94 16 6 50 62 86 96 92 4 90 49 97 81 59 85 10 34 68 80 15 83 43 76 84 41 
SUPER 63 42 68
KABUR 50 44
SIMULASI 15 91 22 89 96 94 88 3 61 81 13 82 7 97 25 44 
SUPER 89 75 42
SIMULASI 57 3 87 80 50 43 27 44 46 32 16 75 8 12 1 41 74 98 34 70 18 81 69 86 83 60 47 15 88 42 52 6 95 38 20 73 31 67 97 61 26 57 22 66 77 53 35 91 71 24 10 93 7 72 4 14 28 37 
KABUR 76 57
SIMULASI 65 43 57 30 7 38 32 71 37 91 12 44 66 15 87 74 22 97 16 85 5 84 2 69 17 95 48 13 31 11 23 47 59 68 61 3 64 46 62 79 63 86 1 75 10 28 56 93 14 65 45 60 26 29 67 76 96 40 58 72 39 55 34 42 24 6 
KABUR 56 51
SIMULASI 34 79 35 63 96 99 51 43 80 76 78 10 48 58 18 67 39 83 38 12 70 3 19 72 73 21 47 27 75 95 82 29 55 1 60 
SIMULASI 11 54 73 84 52 56 90 49 96 35 9 1 
SUPER 17 49 25
SUPER 42 97 87
SIMULASI 52 19 42 71 65 67 38 84 100 33 74 93 96 16 64 94 27 56 99 13 60 51 97 18 36 52 12 47 77 37 55 43 28 50 85 35 89 69 91 4 7 95 29 10 75 83 80 14 61 8 24 53 70 
SIMULASI 37 80 40 9 12 4 77 30 94 84 15 18 41 76 19 68 93 38 8 14 43 81 72 16 78 32 37 69 46 67 74 61 73 63 39 25 64 53 
SUPER 83 34 55
SUPER 5 95 79
SIMULASI 53 92 95 14 93 83 62 86 28 63 54 42 47 17 80 79 75 60 50 67 51 85 73 6 9 55 94 12 38 19 30 4 27 49 64 13 10 18 72 26 21 11 22 52 3 59 35 76 45 90 34 74 20 40 
SUPER 10 32 74
KABUR 56 17
KABUR 34 44
KABUR 63 34
SIMULASI 80 94 57 25 19 61 77 75 7 87 91 97 74 76 59 84 10 80 90 30 24 48 12 47 79 82 37 99 83 41 11 52 92 35 95 45 15 46 2 34 43 44 14 49 66 29 26 9 89 58 6 98 100 67 71 40 55 1 16 5 70 27 86 50 93 38 42 8 33 85 4 39 22 73 54 65 3 17 31 60 36 
SIMULASI 100 25 62 69 26 34 6 78 22 32 39 49 23 42 47 48 24 60 35 87 68 96 45 31 63 1 36 77 64 4 53 82 9 20 100 58 89 85 93 16 8 46 72 11 59 38 98 51 74 28 37 65 41 10 17 94 7 92 79 2 76 91 55 83 29 56 71 67 52 99 19 12 13 90 30 54 86 21 14 50 75 40 81 73 43 33 57 88 84 95 44 5 97 66 61 70 18 3 15 27 80 
SIMULASI 20 63 14 83 48 47 7 3 32 96 73 10 71 27 25 89 51 11 64 70 77 
SUPER 50 100 29
SUPER 23 13 80
SIMULASI 47 46 83 20 75 39 60 100 7 45 53 66 52 6 27 99 30 42 81 98 9 16 71 79 94 22 64 13 82 32 31 51 29 54 8 41 96 49 93 55 68 37 23 48 38 62 86 74 
KABUR 60 100
KABUR 76 84
SUPER 20 45 32
SIMULASI 36 17 55 56 92 14 96 99 100 52 63 43 87 19 83 86 71 74 36 48 60 62 98 34 58 73 46 69 22 79 64 93 97 54 41 76 7 
KABUR 72 17
KABUR 53 79
SIMULASI 2 82 30 
SIMULASI 20 26 47 92 71 20 61 17 52 83 82 25 57 43 11 51 76 32 49 48 62 
SUPER 35 20 60
SUPER 47 8 16
KABUR 35 89
SUPER 27 8 78
KABUR 44 27
SUPER 66 67 13
KABUR 86 26
SIMULASI 7 55 73 57 13 1 65 44 
KABUR 78 98
SUPER 34 69 30
SUPER 10 30 46
SUPER 26 92 44
SUPER 48 32 89
KABUR 98 29
KABUR 99 70
KABUR 56 71
SUPER 13 98 48
SIMULASI 55 90 47 13 64 43 40 85 86 67 89 27 88 53 87 26 1 68 55 71 36 30 94 18 28 45 72 75 66 100 12 6 15 4 34 35 32 95 21 96 97 33 14 23 37 48 84 51 74 11 42 29 80 49 52 16 
SIMULASI 9 51 43 32 16 56 63 20 92 26 
KABUR 81 79
SIMULASI 84 42 27 77 71 56 66 76 28 37 29 58 26 67 74 38 81 23 59 49 43 78 73 44 50 40 84 47 90 60 70 12 99 95 62 39 92 87 1 9 2 33 86 52 94 53 96 45 98 54 21 57 69 15 3 4 93 5 36 35 48 51 32 80 18 89 65 30 68 41 34 31 19 46 82 91 8 75 14 72 63 6 83 100 17 
SIMULASI 89 85 87 2 38 51 23 95 14 47 19 98 53 80 11 4 13 75 60 24 36 42 1 83 46 68 50 35 86 74 3 81 10 56 76 91 27 34 12 39 65 7 78 90 37 92 88 61 55 70 54 84 25 32 16 99 8 20 9 64 67 17 26 59 15 71 40 49 29 52 100 62 31 28 93 57 66 94 97 43 5 48 21 18 6 30 44 73 77 33 
SIMULASI 23 68 71 83 52 72 44 30 96 60 12 99 80 59 79 6 22 66 3 18 42 69 90 21 
KABUR 7 16
SIMULASI 58 57 52 42 17 61 1 47 77 9 82 56 11 91 51 62 33 58 39 78 22 88 66 96 89 76 80 85 20 73 95 84 72 68 53 97 59 60 7 67 24 55 5 36 93 2 19 28 65 63 83 30 4 3 86 70 98 23 94 
SUPER 88 55 27
SUPER 13 7 18
KABUR 68 77
KABUR 2 6
SUPER 28 11 38
SIMULASI 6 62 49 37 74 48 23 
SIMULASI 42 70 45 29 49 8 68 94 34 20 63 57 40 33 19 91 5 27 43 76 24 86 60 80 18 46 82 30 66 69 55 67 56 41 13 44 35 37 48 39 95 23 100 
KABUR 6 51
SIMULASI 55 38 42 82 84 8 22 55 92 95 67 91 1 19 11 15 54 60 66 76 26 2 93 50 73 23 75 52 45 59 44 51 17 68 35 100 6 72 37 71 77 48 18 40 58 13 14 99 61 5 28 79 85 32 27 56 
KABUR 26 62
SIMULASI 89 89 21 68 27 85 28 24 44 90 73 36 16 58 14 38 60 45 95 12 79 33 51 9 41 55 54 35 10 46 82 34 23 3 49 29 94 64 70 47 31 72 84 66 32 97 8 39 4 100 91 75 7 67 15 74 76 53 69 99 17 86 37 87 42 80 6 2 93 77 18 1 43 92 98 30 26 63 11 56 61 25 81 88 5 48 71 52 13 59 
SIMULASI 71 78 13 61 93 29 60 92 20 41 6 36 10 2 66 91 88 69 31 98 22 28 47 83 24 7 26 51 55 97 17 89 48 1 54 81 3 44 94 82 80 95 39 76 84 12 62 37 33 19 38 11 67 74 52 90 4 53 40 35 96 87 71 32 34 56 9 21 49 100 75 18 
KABUR 12 39
SUPER 3 19 41
SUPER 35 84 96
SIMULASI 39 61 3 59 11 90 81 99 17 19 33 100 93 36 23 38 76 64 10 4 40 51 70 77 78 42 66 2 73 12 84 72 13 65 52 16 79 7 37 43 
SUPER 1 41 5
SIMULASI 76 45 58 27 8 84 9 52 79 43 92 24 86 59 17 83 51 54 88 97 91 63 15 95 78 82 4 38 94 87 62 64 55 3 34 14 42 41 29 20 10 37 72 13 25 39 5 46 85 71 76 32 48 28 96 98 1 26 21 56 19 35 99 100 30 31 2 11 89 18 69 12 90 60 50 57 53 
SIMULASI 61 66 60 93 82 55 16 23 7 76 8 20 15 26 68 65 40 98 85 48 50 52 97 99 80 71 19 74 42 5 33 12 58 72 14 92 4 3 25 90 67 78 6 32 79 24 63 75 56 77 43 36 45 21 84 53 89 31 61 28 9 69 
SUPER 84 54 63
KABUR 78 21
KABUR 84 78
SIMULASI 59 86 6 78 67 36 29 66 20 89 82 2 70 60 17 81 72 62 40 69 8 12 99 59 84 73 49 91 57 90 65 3 87 16 93 79 23 48 39 31 85 24 14 27 80 5 88 34 28 55 1 74 58 51 18 33 25 63 83 68 
SUPER 9 15 28
SUPER 45 97 65
SIMULASI 72 13 20 37 82 56 60 90 44 14 19 12 85 65 76 68 80 28 77 84 100 31 72 93 99 25 11 3 21 41 81 49 38 55 18 2 78 89 79 94 46 95 15 52 75 24 43 62 8 39 69 17 40 67 91 45 73 97 63 32 16 47 86 96 87 74 26 66 30 34 92 53 4 
SUPER 57 34 18
KABUR 75 86
SUPER 57 52 97
SIMULASI 45 90 92 31 17 93 35 81 64 46 98 95 23 84 87 100 89 3 86 72 73 61 19 29 59 50 10 88 27 11 91 39 78 45 83 63 6 18 42 25 47 28 38 68 16 15 
KABUR 55 92
KABUR 95 10
KABUR 43 4
SIMULASI 73 13 53 32 52 79 56 59 14 29 67 21 42 81 19 70 91 88 98 57 33 23 72 40 74 63 17 68 9 5 94 1 62 47 7 44 34 58 2 46 39 100 50 71 20 86 85 25 97 55 41 48 30 61 26 54 96 3 12 92 15 95 69 80 24 66 38 37 51 87 31 6 18 49 
KABUR 53 82
SIMULASI 56 22 8 66 74 63 72 47 44 43 49 16 13 10 19 28 62 76 68 52 67 82 30 7 80 20 48 11 40 86 59 83 100 90 17 32 97 33 5 9 45 21 4 65 50 93 84 92 31 2 12 14 91 35 77 81 71 
SUPER 49 96 59
SUPER 76 61 53
SIMULASI 44 78 86 44 67 57 92 85 46 6 50 94 48 17 62 97 33 18 68 93 56 31 41 39 51 34 59 29 64 12 61 45 83 19 8 74 24 73 10 5 21 82 63 42 2 
SIMULASI 46 11 17 56 13 85 18 78 14 26 54 36 16 79 92 72 50 43 8 93 70 21 62 20 59 38 69 68 89 58 71 3 77 30 25 49 15 2 88 40 65 44 35 29 66 76 73 
KABUR 46 34
SUPER 13 88 66
KABUR 74 68
SUPER 24 45 65
SIMULASI 100 100 72 51 20 25 54 88 59 33 38 69 12 3 70 85 19 6 4 16 84 36 79 22 58 62 26 56 29 21 98 64 94 83 63 68 65 7 55 97 23 1 47 61 40 30 87 52 41 24 73 78 42 99 44 5 37 74 15 14 53 10 67 39 11 13 71 28 76 18 95 32 81 96 34 80 9 89 92 31 27 50 90 48 49 43 17 91 2 35 93 46 57 45 75 60 66 8 86 77 82 
KABUR 57 43
SUPER 28 30 50
SIMULASI 40 75 42 28 39 15 96 25 17 48 59 43 81 24 7 94 79 44 52 72 62 85 47 32 29 12 66 88 14 93 8 49 67 100 36 87 53 37 50 4 89 
SIMULASI 18 9 63 36 80 97 32 4 22 56 28 29 83 59 67 98 18 10 44 
KABUR 37 76
KABUR 8 34
SIMULASI 98 43 74 25 4 49 91 34 38 51 19 33 77 10 97 60 55 54 86 94 72 45 1 84 28 11 95 14 36 32 69 78 73 40 27 81 67 47 16 80 46 96 70 26 56 22 37 93 12 88 92 9 89 20 98 6 13 87 100 7 57 5 48 75 63 58 44 79 90 2 83 41 65 71 35 52 85 17 31 23 82 61 18 24 62 76 50 68 64 8 66 53 39 99 15 29 59 42 21 
SIMULASI 39 71 92 27 98 48 76 87 64 86 39 1 19 42 75 29 7 33 31 8 24 77 73 43 72 6 65 59 83 47 22 3 16 34 32 37 60 14 93 35 
SUPER 29 34 36
KABUR 40 49
SIMULASI 80 97 81 15 67 93 47 39 3 18 40 69 51 34 66 58 100 49 8 42 57 27 38 5 45 75 82 96 32 44 88 26 55 68 1 25 24 72 10 70 50 59 7 20 62 87 89 99 65 14 21 95 2 71 6 29 31 86 78 94 77 61 17 23 74 30 56 85 43 92 28 76 35 48 41 79 60 16 37 53 12 
KABUR 17 92
SUPER 41 17 7
SIMULASI 17 35 91 50 79 15 44 37 85 39 32 92 22 23 5 17 70 100 
KABUR 41 36
KABUR 90 33
SUPER 51 32 57
SIMULASI 66 57 51 49 44 16 25 45 1 8 58 5 100 71 33 95 88 89 14 3 29 46 67 78 85 6 68 36 15 30 76 50 27 4 65 31 94 64 70 43 34 11 72 52 17 86 48 96 77 91 73 40 21 32 22 18 60 9 93 19 63 79 84 12 69 59 97 
KABUR 93 63
KABUR 86 24
KABUR 62 80
KABUR 23 47
KABUR 70 88
SIMULASI 41 94 23 6 86 76 74 85 53 49 10 79 92 28 57 84 75 14 71 91 65 7 89 2 90 61 96 44 81 63 37 41 29 1 5 87 50 33 17 64 22 60 
SUPER 31 65 57
KABUR 9 16
SIMULASI 64 4 12 46 23 90 41 58 33 47 7 72 100 20 67 24 15 42 88 78 38 65 89 18 22 80 61 6 93 37 79 97 17 2 95 28 40 26 84 59 73 19 86 85 32 66 71 25 64 48 77 57 39 87 14 29 55 5 96 81 13 70 51 44 36 
KABUR 54 27
SUPER 75 78 11
KABUR 27 20
SUPER 85 2 30
KABUR 59 33
SIMULASI 93 2 67 55 39 48 37 77 54 41 69 82 15 83 71 3 72 58 94 23 21 50 36 96 64 88 93 33 99 43 98 30 1 32 51 5 68 10 20 70 13 66 79 44 47 8 84 75 18 27 40 80 4 52 87 11 63 65 85 46 97 78 53 73 6 25 16 12 89 7 22 56 26 38 14 59 34 81 76 35 31 42 92 62 19 29 100 90 28 86 61 24 9 74 
KABUR 43 23
KABUR 43 33
KABUR 76 77
KABUR 76 34
SIMULASI 96 53 85 46 6 55 57 43 100 96 45 5 71 2 21 18 37 19 32 10 83 73 94 40 41 33 8 77 84 12 35 97 27 13 60 15 91 63 74 93 70 23 80 79 1 24 72 29 14 58 30 42 89 65 66 69 62 86 28 38 59 92 34 61 68 3 52 64 7 31 39 90 47 49 16 36 82 88 17 78 26 67 20 51 75 25 11 22 81 9 4 87 95 56 76 98 48 
SIMULASI 88 86 24 66 48 31 58 49 74 79 11 59 83 5 51 10 67 25 85 53 34 37 73 1 6 44 84 62 99 21 69 87 20 60 88 12 4 40 45 30 68 43 93 29 17 98 32 16 47 36 2 100 77 71 75 22 70 8 94 89 26 50 19 97 39 78 65 55 72 91 76 90 3 64 80 27 28 13 95 9 92 57 18 42 15 38 41 54 61 
SUPER 58 77 5
SIMULASI 79 15 21 17 74 51 86 36 18 95 22 10 91 58 23 83 25 11 12 89 40 20 85 34 99 98 69 100 13 70 94 42 14 61 43 48 50 4 7 38 27 59 49 9 84 66 96 72 24 65 76 63 55 88 75 71 3 64 79 44 53 54 45 28 8 30 90 39 73 31 35 77 5 92 2 19 46 33 67 78 
KABUR 15 81
KABUR 27 47
KABUR 96 76
KABUR 98 24
SIMULASI 52 51 77 19 35 90 57 22 43 33 9 85 11 25 38 76 71 58 21 36 80 14 56 92 79 3 61 13 73 5 4 53 82 26 34 69 1 89 48 10 44 30 15 16 93 7 42 70 24 66 37 84 32 
SIMULASI 19 15 60 91 3 47 28 64 71 56 87 83 24 84 63 62 36 55 50 9 
KABUR 60 2
SUPER 100 81 73
SUPER 97 38 53
SUPER 75 13 1
SIMULASI 62 19 50 88 46 84 28 66 76 68 45 59 55 40 69 73 56 98 3 86 78 4 43 41 30 52 54 94 93 77 65 85 79 53 39 74 25 15 72 61 32 13 10 96 22 37 9 75 91 17 35 49 82 47 92 71 42 12 36 80 27 24 11 
KABUR 85 37
KABUR 80 81
SIMULASI 35 34 43 98 62 86 97 36 100 49 82 47 83 19 39 95 46 11 16 81 85 77 41 50 13 12 68 51 23 1 31 3 57 32 74 22 
KABUR 68 69
KABUR 49 12
SIMULASI 18 24 33 50 40 62 86 89 53 31 32 82 13 90 68 45 100 35 23 
SUPER 51 50 81
SIMULASI 100 10 41 88 11 9 33 39 29 66 79 64 50 96 2 13 59 6 16 65 43 91 92 27 8 95 99 47 45 55 15 3 71 93 44 38 100 17 70 26 18 74 36 49 34 98 87 72 56 85 89 83 14 46 51 31 53 57 12 86 81 78 35 24 40 60 7 21 28 42 58 48 63 84 76 30 5 22 4 37 67 25 80 62 94 82 97 68 23 90 73 52 69 19 54 75 61 1 20 77 32 
SUPER 37 81 11
SUPER 66 57 45
KABUR 17 83
SIMULASI 17 48 100 55 25 34 68 84 47 88 56 13 50 30 74 51 72 58 
KABUR 60 77
KABUR 53 52
KABUR 40 16
SUPER 10 64 42
KABUR 99 5
SUPER 22 82 12
SIMULASI 34 79 30 75 10 63 64 54 78 22 58 51 99 13 76 21 27 72 94 3 16 65 45 100 92 96 34 44 38 35 60 86 18 77 33 
KABUR 30 23
SUPER 35 92 93
KABUR 33 1
SIMULASI 93 38 51 29 87 83 53 73 78 24 47 66 6 12 62 14 92 36 75 5 60 17 91 76 79 67 50 28 15 96 25 3 13 70 100 80 41 68 11 2 42 52 99 37 54 59 46 20 10 82 56 44 39 8 45 58 27 74 40 22 4 19 64 89 49 55 7 43 72 65 77 69 85 71 32 30 61 35 9 34 86 33 31 63 16 94 93 1 90 97 57 81 48 23 
SIMULASI 80 95 3 1 7 67 98 32 53 70 78 33 11 22 60 23 64 58 77 14 85 47 16 72 36 5 66 74 90 13 62 55 20 17 80 49 30 57 40 24 8 71 43 75 100 34 51 15 48 89 4 96 28 27 61 82 19 26 42 18 91 79 81 38 84 76 68 37 83 87 97 99 44 59 93 21 2 65 10 45 12 
SUPER 50 36 77
KABUR 87 67
SUPER 42 98 30
SIMULASI 29 38 98 83 64 35 26 58 90 75 96 93 42 18 16 2 88 65 68 9 34 56 63 29 73 66 50 70 74 4 
KABUR 20 19
SUPER 99 42 65
SIMULASI 46 96 30 28 17 69 14 53 52 23 85 19 33 24 43 37 63 72 39 26 84 71 31 18 4 1 56 42 12 80 54 77 64 86 15 41 76 79 83 35 6 94 22 47 87 100 68 
KABUR 18 66
SIMULASI 77 1 53 31 26 55 63 33 98 54 25 87 66 43 44 30 48 37 23 9 22 28 52 21 27 18 40 76 74 92 56 67 95 100 42 4 65 64 10 57 5 20 62 86 68 91 90 88 34 8 80 69 15 17 49 85 82 3 39 89 60 72 19 35 58 77 16 75 59 14 2 12 11 97 29 61 24 13 
KABUR 93 78
SIMULASI 45 42 68 56 20 49 46 91 8 45 25 71 64 55 33 35 69 63 53 29 98 3 99 43 38 21 15 84 16 48 66 30 61 37 85 50 80 11 58 67 65 39 62 47 44 36 
KABUR 45 78
KABUR 3 96
SIMULASI 25 23 31 24 1 77 64 79 76 30 63 33 55 8 39 26 10 97 7 44 25 78 17 59 13 65 
KABUR 47 71
KABUR 40 32
SUPER 84 53 39
SIMULASI 42 100 43 93 42 28 6 71 51 31 36 55 99 97 88 35 34 83 62 52 58 67 79 18 2 53 40 74 1 59 7 63 25 29 48 11 47 92 20 5 69 86 37 
SIMULASI 38 33 43 75 82 50 7 32 18 79 70 38 100 40 44 60 23 21 95 31 16 90 9 3 51 78 12 17 2 58 68 89 76 87 71 86 64 92 19 
KABUR 89 65
SUPER 96 32 43
SUPER 71 76 37
SUPER 24 74 21
SIMULASI 73 81 77 25 47 89 94 2 15 93 87 33 53 27 92 39 88 63 54 84 3 100 48 75 9 79 5 1 35 62 57 56 4 12 41 52 55 17 83 13 6 85 50 64 78 74 76 16 73 86 8 20 32 10 60 24 44 98 30 69 40 90 46 37 14 95 21 61 36 29 91 65 96 71 
SIMULASI 48 54 100 83 88 45 77 28 60 2 20 19 63 21 62 46 15 40 85 25 70 82 50 66 47 94 81 53 79 11 98 64 27 56 96 16 36 58 41 99 97 49 18 37 39 32 89 9 52 
KABUR 40 37
KABUR 75 64
SUPER 96 54 82
KABUR 69 42
SUPER 20 68 64
KABUR 45 37
SUPER 11 30 48
SUPER 37 73 22
SUPER 26 72 13
SUPER 92 83 80
SUPER 40 8 89
SIMULASI 45 95 14 100 44 88 93 10 90 20 87 4 15 62 13 16 38 94 64 56 82 71 24 49 18 97 30 40 91 63 39 31 51 68 19 37 99 12 79 27 70 75 41 35 54 66 
SUPER 75 66 23
SIMULASI 92 33 11 99 86 29 44 25 60 14 83 87 48 21 26 34 7 58 76 93 8 31 61 75 24 56 13 96 19 16 59 2 50 38 90 65 46 10 17 78 94 89 6 82 57 18 63 51 5 49 100 43 27 55 12 52 53 88 91 74 54 22 42 40 35 79 81 47 9 64 70 30 80 92 20 85 41 28 97 98 72 68 73 95 71 66 23 3 62 39 69 45 32 
SUPER 47 90 53
SUPER 85 10 64
KABUR 11 60
KABUR 71 87
KABUR 83 52
SUPER 2 88 24
KABUR 8 33
SIMULASI 68 96 63 82 97 66 22 39 54 60 41 37 34 43 13 10 20 46 21 9 23 18 65 64 49 32 74 4 25 94 81 36 73 48 33 5 26 35 19 69 70 100 85 98 8 6 3 80 31 59 15 17 79 2 44 51 83 27 52 1 78 50 16 68 88 28 62 61 57 
SIMULASI 83 13 60 91 58 1 16 38 76 26 17 46 19 5 64 53 23 66 96 49 67 8 12 15 33 72 47 6 48 24 29 87 20 31 30 63 86 14 92 84 97 55 35 61 94 7 99 75 42 79 70 54 68 69 45 83 90 73 11 62 88 36 50 40 28 21 2 65 22 89 37 18 41 51 81 44 95 77 71 9 27 39 32 25 
SUPER 37 34 81
SIMULASI 66 87 39 52 36 12 21 59 81 22 97 35 30 63 65 7 9 70 31 28 3 85 72 76 64 34 90 10 14 19 93 69 94 100 56 98 41 57 88 5 73 96 23 26 16 50 13 61 45 51 37 60 42 4 8 17 25 46 99 82 91 38 84 62 83 58 92 
SUPER 6 25 87
KABUR 27 60
SUPER 63 29 9
SIMULASI 11 12 76 6 91 65 32 79 77 22 69 36 
SUPER 73 65 33
SUPER 84 82 15
KABUR 36 85
KABUR 63 33
SUPER 17 8 77
SUPER 34 93 25
SUPER 88 74 30
SUPER 85 74 28
SUPER 70 54 29
SIMULASI 55 69 84 24 66 10 38 53 78 3 70 8 65 26 96 93 12 59 39 92 43 32 46 56 13 67 81 73 85 7 86 63 14 23 74 76 1 82 45 54 19 30 29 83 47 89 95 5 90 94 58 71 16 4 21 9 
SUPER 23 65 59
SIMULASI 70 49 37 95 69 28 82 24 22 46 68 83 67 31 13 85 5 8 27 14 66 9 23 48 12 3 42 39 87 99 54 70 63 36 97 26 18 88 94 47 93 32 53 57 17 7 65 62 11 64 89 1 15 30 25 61 71 52 92 34 100 72 56 59 74 33 86 21 79 96 4 
SUPER 54 30 59
KABUR 64 28
KABUR 58 26
SUPER 24 50 46
SIMULASI 54 76 66 23 70 83 26 82 25 65 11 84 64 30 97 49 85 93 18 100 51 72 99 41 5 90 34 42 38 43 33 88 78 46 92 60 2 36 73 75 24 29 32 80 8 14 86 9 39 95 67 20 19 68 27 
KABUR 50 19
SUPER 35 3 57
SUPER 3 79 30
SUPER 87 43 56
SUPER 67 68 18
SUPER 21 15 79
KABUR 14 36
KABUR 43 79
SIMULASI 68 78 19 11 98 63 30 24 61 91 84 82 5 32 45 95 28 71 65 49 17 38 33 89 10 86 54 52 39 80 7 100 46 67 42 1 57 59 43 16 20 72 92 21 31 29 87 62 90 12 22 85 26 9 27 51 8 77 37 53 35 55 23 97 15 18 47 34 75 
SUPER 42 15 67
SUPER 71 17 87
KABUR 33 15
SIMULASI 80 40 87 18 16 58 15 26 20 89 22 6 62 92 25 76 70 83 4 84 96 29 64 8 71 10 86 30 14 11 27 88 43 42 50 82 37 5 45 17 63 91 54 98 33 32 67 99 93 75 56 81 52 90 41 78 73 1 46 39 48 13 38 72 36 94 79 35 53 23 66 68 57 12 3 80 74 77 28 24 95 
SUPER 18 62 54
KABUR 94 63
SIMULASI 84 66 90 27 33 83 11 88 84 59 93 45 96 50 10 54 16 21 14 39 74 87 56 40 24 73 91 58 60 41 20 85 19 65 49 15 94 61 76 37 13 38 48 46 95 70 67 5 26 82 55 18 47 63 44 1 30 36 99 25 51 2 9 89 86 92 12 6 97 72 100 64 57 31 22 75 69 28 23 35 17 68 7 42 29 
KABUR 80 83
SUPER 23 88 86
KABUR 67 90
SUPER 30 81 67
KABUR 66 77
SUPER 80 66 96
KABUR 36 86
SUPER 89 42 18
SUPER 69 48 65
SUPER 40 70 94
SIMULASI 62 73 24 91 57 97 46 68 25 76 1 54 86 84 45 31 77 53 15 92 22 6 93 61 16 21 5 29 9 3 80 7 10 49 96 82 12 83 11 17 59 30 94 41 89 88 55 98 20 26 100 13 85 35 8 47 42 28 37 71 38 72 36 
SUPER 62 69 6
KABUR 8 1
SUPER 25 72 16
KABUR 85 87
SIMULASI 78 12 8 23 34 84 26 18 44 62 69 48 99 58 87 71 81 25 32 37 75 21 33 9 56 100 88 52 39 55 5 79 98 50 6 96 27 51 82 73 11 97 65 70 54 95 43 40 38 30 74 22 4 64 16 85 45 19 89 61 17 13 92 66 28 93 7 63 20 91 78 76 2 80 57 29 77 24 72 
KABUR 19 9
SIMULASI 69 45 96 52 64 59 62 89 41 73 5 53 14 20 93 13 72 22 33 71 15 32 26 68 100 34 77 18 44 29 48 17 90 3 1 87 21 79 11 8 4 35 99 39 75 66 43 25 78 36 40 91 19 47 76 12 82 65 83 95 9 58 10 84 98 6 86 56 55 38 
SUPER 43 29 69
KABUR 95 48
SIMULASI 19 8 9 82 72 57 38 94 48 69 39 43 14 71 85 58 17 32 56 3 
SUPER 24 33 26
SIMULASI 100 97 36 48 23 79 20 28 100 65 99 29 13 18 1 32 5 34 89 53 59 70 4 58 50 38 98 91 51 40 87 7 49 44 94 12 84 83 78 16 26 17 93 8 75 55 35 74 45 6 11 22 62 81 2 31 33 39 72 67 15 90 14 10 41 57 76 54 43 82 66 61 63 73 21 85 52 25 42 64 60 86 69 19 95 46 88 80 27 71 24 68 56 37 30 47 77 3 9 96 92 
KABUR 79 97
SUPER 46 95 98
KABUR 30 80
SIMULASI 9 72 11 92 2 93 42 15 86 25 
SIMULASI 21 60 72 82 76 45 93 39 94 24 27 74 92 15 95 84 97 80 4 51 9 14 
KABUR 67 78
SIMULASI 8 4 8 66 29 39 3 22 65 
SUPER 57 93 47
SIMULASI 28 65 51 66 52 71 40 91 13 49 36 25 77 19 73 85 80 88 70 96 38 46 89 33 94 63 41 99 30 
SIMULASI 48 28 91 64 73 2 38 69 99 31 25 22 21 35 10 4 51 37 77 68 43 17 79 60 83 72 42 5 96 59 65 98 67 50 84 30 94 100 12 95 82 39 71 18 23 52 86 20 89 
KABUR 63 20
SUPER 77 12 85
SIMULASI 44 66 8 78 83 5 38 6 100 35 7 73 68 72 22 18 50 27 82 61 52 10 74 48 47 34 94 97 31 63 12 60 90 65 13 39 2 79 16 91 21 36 77 95 32 
SIMULASI 93 14 39 91 9 34 23 70 40 48 21 62 75 31 94 2 89 61 68 90 64 63 82 57 50 79 29 77 22 42 74 95 24 66 80 84 98 93 7 32 5 76 59 55 46 16 81 99 96 67 30 17 12 54 25 44 41 28 45 4 58 10 15 47 72 20 83 88 35 73 56 86 8 1 60 43 52 51 78 69 38 71 19 92 53 36 6 26 65 3 97 49 27 87 
SUPER 72 10 71
SIMULASI 96 10 30 22 92 50 26 13 96 73 40 55 32 31 68 70 24 100 80 89 62 85 51 97 71 38 33 78 48 60 46 29 90 4 16 44 86 8 6 59 3 12 21 37 83 9 43 14 49 15 20 42 88 75 35 39 66 11 34 45 65 91 72 52 1 7 81 23 19 58 77 98 82 41 5 47 27 36 87 84 99 67 74 18 57 17 93 64 2 79 53 25 94 63 28 61 54 
SIMULASI 25 46 32 77 36 85 47 9 4 45 93 15 61 40 1 22 60 10 12 23 63 90 38 72 8 79 
SIMULASI 34 90 32 100 1 83 84 95 54 79 39 3 52 93 46 4 66 49 68 96 77 7 60 31 85 14 69 72 19 21 99 81 13 20 43 
KABUR 86 60
KABUR 2 7
SIMULASI 43 20 67 31 89 52 87 12 62 66 37 59 97 76 25 51 63 93 11 41 75 43 64 33 13 28 45 40 46 3 49 58 6 73 34 99 57 30 19 50 21 14 85 24 
KABUR 10 22
KABUR 21 75
SIMULASI 91 47 86 96 10 14 38 12 2 73 36 37 65 85 22 21 72 29 93 46 55 79 3 84 25 26 94 8 64 32 56 34 51 60 11 74 4 98 59 33 45 67 6 42 82 48 75 58 9 68 83 41 28 66 27 49 52 13 7 81 91 70 97 19 24 39 100 5 23 63 43 17 35 30 16 53 76 90 44 1 99 87 78 89 57 92 40 31 18 50 61 69 
KABUR 65 27
SIMULASI 25 82 13 64 56 22 47 70 33 61 3 68 14 86 36 42 30 9 7 34 97 94 74 91 20 59 
SUPER 40 2 50
SIMULASI 22 78 44 8 89 3 85 14 52 71 92 93 30 88 55 69 15 51 100 45 81 47 97 
SIMULASI 36 13 91 83 74 70 17 75 15 61 20 26 58 41 77 28 18 24 40 51 29 45 21 66 47 25 43 39 57 94 4 9 71 55 60 76 7 
SUPER 39 24 63
SIMULASI 14 58 88 96 24 84 48 1 21 50 64 44 16 25 90 
SIMULASI 96 3 79 74 96 41 17 68 38 67 14 6 16 34 13 25 80 45 61 91 69 1 35 23 95 65 24 94 53 76 44 8 56 55 20 29 28 47 88 4 54 22 57 97 63 37 51 85 62 98 9 36 21 2 43 12 93 90 72 83 48 32 31 40 46 15 50 58 33 89 64 49 78 52 39 77 18 5 7 84 26 19 66 27 59 81 75 99 100 70 71 87 73 10 92 86 82 
SIMULASI 7 5 53 70 69 96 29 97 
KABUR 59 72
KABUR 73 64
SUPER 75 95 78
SIMULASI 16 6 57 93 4 64 58 28 83 22 59 38 62 89 40 96 52 
KABUR 20 90
SIMULASI 30 25 81 17 9 78 44 6 88 27 10 72 59 38 8 12 100 89 68 74 15 85 40 3 92 90 62 32 52 14 46 
KABUR 92 30
KABUR 83 28
SUPER 48 26 13
SUPER 20 50 53
SUPER 19 55 26
SUPER 37 31 22
SIMULASI 88 51 55 91 87 47 19 21 80 15 56 26 61 57 75 69 71 44 6 81 22 35 46 33 7 78 73 94 96 2 95 90 3 68 97 50 49 70 31 40 52 54 9 36 63 48 42 10 17 60 38 27 79 77 25 4 16 8 11 58 43 82 74 13 23 99 67 41 62 39 29 92 53 88 28 5 20 89 85 34 45 84 32 100 64 66 65 76 86 
KABUR 82 61
KABUR 53 35
SIMULASI 80 59 55 49 87 66 42 16 78 14 95 72 9 29 26 39 44 45 80 11 10 5 47 58 23 52 7 22 20 46 94 81 64 1 63 60 2 28 65 54 77 15 90 68 25 67 13 12 61 71 69 4 96 24 30 99 53 51 79 40 37 70 19 98 86 27 92 82 74 34 91 41 56 93 73 6 48 89 83 36 100 
SUPER 41 60 75
SIMULASI 31 27 43 88 10 46 50 17 98 11 4 83 87 21 96 32 56 40 3 12 84 9 2 18 63 69 14 89 29 19 22 44 
SUPER 67 69 11
KABUR 91 59
SIMULASI 27 55 62 79 53 64 75 63 37 12 47 93 9 77 76 57 98 29 38 42 72 34 94 30 99 88 90 68 
KABUR 82 36
SIMULASI 37 23 45 5 96 79 92 24 26 14 4 99 2 11 57 98 63 60 67 95 88 94 17 19 47 3 54 71 50 49 12 61 1 46 18 51 38 22 
SIMULASI 43 46 40 90 59 11 74 2 30 27 81 95 9 75 34 96 56 64 87 55 51 8 67 10 29 88 13 78 17 58 98 43 49 80 47 93 45 31 92 62 39 41 53 82 
SIMULASI 85 61 20 99 9 83 48 95 42 27 14 23 68 29 55 13 59 17 69 31 65 32 36 97 21 22 5 8 51 47 86 33 63 88 38 50 91 82 37 77 6 80 18 30 58 35 43 64 57 96 66 34 15 71 44 98 24 56 75 2 46 72 62 70 85 28 84 60 11 81 16 87 67 10 40 39 73 52 76 41 4 7 93 89 100 19 
KABUR 45 44
KABUR 1 90
SIMULASI 59 22 59 38 74 89 28 33 6 39 29 9 30 2 97 84 58 98 10 45 26 19 34 14 24 47 73 12 92 42 21 13 83 54 93 48 81 90 50 18 20 68 69 51 64 78 57 71 77 4 40 27 55 49 35 46 32 17 43 88 
KABUR 49 1
KABUR 16 45
SIMULASI 85 63 81 28 73 12 37 62 18 55 56 2 90 77 32 43 54 96 26 98 79 41 3 17 91 64 14 23 40 38 59 30 19 47 46 24 65 94 1 58 39 70 22 88 8 95 76 49 89 83 80 100 71 21 7 99 31 10 50 44 86 4 61 20 93 29 33 15 85 60 78 34 97 53 92 69 51 16 74 9 67 52 42 6 27 36 
SUPER 14 63 19
SIMULASI 13 79 62 34 59 46 27 4 1 20 12 95 25 63 
SUPER 27 22 99
SUPER 9 47 65
KABUR 99 79
SIMULASI 36 87 65 34 69 59 10 38 78 1 20 41 82 28 18 9 50 94 8 62 21 86 17 3 7 53 19 11 51 91 12 96 37 61 76 16 4 
SUPER 19 23 65
SIMULASI 43 97 71 55 90 88 33 41 36 59 44 24 18 2 74 40 32 22 1 21 83 51 94 66 37 84 3 13 23 80 91 98 9 45 67 86 27 81 92 10 14 8 54 50 
KABUR 98 69
KABUR 62 7
KABUR 18 75
SUPER 27 2 21
SUPER 88 42 10
