100 2000
2 1 9 7
3 1 3 3
4 1 9 10
5 1 6 8
6 2 4 9
7 2 8 1
8 7 1 7
9 6 10 5
10 3 8 4
11 10 2 9
12 2 8 4
13 2 6 2
14 7 2 7
15 1 8 2
16 13 1 5
17 13 10 10
18 15 10 4
19 7 3 6
20 4 1 10
21 19 9 6
22 8 5 6
23 16 7 2
24 19 8 9
25 19 9 8
26 4 10 6
27 4 1 5
28 7 7 4
29 17 1 10
30 29 2 8
31 7 2 6
32 15 1 10
33 6 1 2
34 6 3 9
35 21 8 7
36 31 6 1
37 13 5 5
38 9 5 5
39 26 6 4
40 7 3 9
41 22 1 2
42 36 8 1
43 17 9 9
44 6 2 8
45 16 6 6
46 4 8 6
47 9 1 7
48 34 3 2
49 17 1 1
50 34 5 6
51 5 9 2
52 6 9 10
53 3 5 4
54 35 6 5
55 45 5 6
56 44 7 8
57 14 2 8
58 52 3 3
59 31 2 3
60 5 6 4
61 59 2 6
62 30 9 9
63 19 7 9
64 3 5 5
65 5 10 10
66 58 8 8
67 18 7 7
68 60 4 1
69 44 9 8
70 19 4 8
71 69 7 7
72 49 7 10
73 68 9 5
74 68 8 1
75 23 2 7
76 1 10 7
77 37 3 7
78 27 10 1
79 15 10 3
80 67 4 8
81 75 4 6
82 44 4 5
83 20 3 3
84 40 2 2
85 62 5 6
86 39 3 2
87 86 10 9
88 80 5 7
89 56 7 7
90 8 5 4
91 74 4 9
92 49 6 4
93 12 5 2
94 67 7 1
95 37 2 10
96 78 10 2
97 43 7 8
98 87 3 3
99 72 5 1
100 59 1 4
35 48 2 4
66 23 9 8
40 26 1 9
18 29 1 8
83 81 4 2
20 73 2 7
90 5 6 9
51 46 4 3
37 56 6 5
81 32 5 10
21 10 10 2
51 84 2 5
52 16 2 8
17 58 10 8
2 96 2 3
2 73 9 8
16 67 5 1
89 44 6 6
8 85 6 8
88 78 4 3
42 55 7 3
32 14 10 7
3 99 10 6
14 71 8 7
88 37 7 7
23 32 10 9
79 91 9 8
3 7 9 7
91 3 6 9
72 54 9 1
36 39 10 6
79 9 7 6
88 77 3 8
58 48 2 1
25 54 2 6
57 8 6 1
82 28 4 5
49 98 7 2
47 100 5 4
9 35 8 3
10 13 10 7
71 9 3 7
89 60 3 5
43 39 5 1
81 46 6 2
85 30 2 3
23 96 7 10
9 74 9 1
46 8 1 10
43 40 8 10
19 2 2 6
17 10 3 1
61 38 1 4
99 93 3 8
91 41 9 7
11 1 2 4
60 72 8 5
46 65 4 2
43 16 9 2
72 51 2 6
56 63 6 4
91 23 9 3
72 64 5 2
75 88 6 4
64 18 8 1
98 32 6 3
1 26 7 9
52 92 7 7
16 15 4 8
39 44 1 7
42 3 3 10
100 74 3 7
80 12 8 1
31 87 9 4
24 58 9 4
82 59 10 7
49 26 9 10
61 48 5 10
62 94 6 7
22 71 3 2
34 97 1 3
2 45 9 3
56 2 6 4
57 50 4 2
48 73 6 7
74 67 7 8
62 49 8 4
29 99 2 9
87 5 4 7
84 93 5 3
43 66 6 5
52 66 5 7
34 16 7 7
50 86 6 8
93 96 1 10
62 32 3 10
82 64 4 2
43 84 2 6
5 81 7 4
88 16 9 2
50 21 5 1
52 32 5 10
12 62 10 4
51 24 1 6
30 38 7 6
25 79 2 7
76 94 9 1
47 45 8 3
13 86 9 4
1 37 6 3
96 84 2 8
20 25 9 4
39 23 10 1
90 33 8 1
71 45 6 4
91 86 3 7
24 83 8 8
76 34 8 10
94 51 4 5
41 95 8 3
4 94 8 10
38 69 2 6
39 27 7 10
35 3 8 3
53 59 9 1
66 14 2 10
24 8 2 1
3 61 5 2
15 22 4 9
20 59 1 6
23 79 6 5
15 67 8 8
47 27 6 7
30 90 6 6
40 90 1 10
88 94 2 8
24 50 8 8
76 46 9 6
55 71 10 3
54 38 9 5
57 49 4 8
90 23 9 3
71 13 3 10
90 98 8 10
84 37 10 5
49 32 9 4
99 90 6 10
30 24 8 9
10 48 4 10
31 5 7 1
37 73 10 9
58 79 4 5
18 17 2 7
70 7 5 1
89 51 5 2
66 99 4 8
61 45 1 3
18 11 8 4
76 59 9 1
38 80 1 7
50 77 4 7
17 23 8 6
38 77 7 5
43 27 10 7
87 3 9 5
50 85 3 8
7 47 5 6
27 48 5 10
70 25 6 1
73 6 9 3
90 70 7 10
82 67 9 6
10 60 1 2
33 18 8 10
2 64 9 8
48 75 7 1
69 24 3 2
12 8 3 6
73 62 8 5
27 97 7 6
34 12 4 10
58 85 6 10
14 91 8 5
53 35 8 2
49 90 6 5
83 86 1 9
84 57 5 6
19 77 5 10
1 19 6 8
91 75 6 6
79 13 2 10
100 39 4 6
6 12 10 8
74 83 10 3
72 7 7 5
72 33 9 8
40 56 2 5
73 88 6 5
62 50 2 7
24 82 3 7
15 30 10 2
44 84 6 7
5 32 10 10
62 43 10 6
60 1 6 10
53 54 7 4
56 57 4 7
70 74 8 1
89 83 2 6
97 33 10 6
47 36 7 10
9 57 7 4
68 83 6 6
26 41 9 9
16 3 1 9
49 60 10 5
65 14 3 3
11 86 8 8
24 84 10 5
66 92 5 9
13 36 10 6
89 84 6 1
46 80 6 6
58 33 9 1
59 64 6 10
43 2 10 5
94 91 2 7
87 11 9 4
15 36 3 10
33 9 1 7
84 20 4 3
24 79 8 6
92 19 9 3
53 21 6 7
30 13 7 9
87 39 4 2
54 34 4 6
72 80 3 1
64 89 7 6
74 94 10 6
66 82 4 7
77 80 6 8
54 98 7 7
80 50 7 6
69 7 1 5
25 48 10 3
99 58 2 6
76 38 4 3
59 23 10 3
80 59 7 10
93 66 10 10
96 46 5 5
63 73 5 5
39 42 6 10
38 37 2 2
20 55 8 9
78 8 3 2
91 82 9 9
6 97 10 1
24 15 9 7
55 94 2 10
44 97 2 2
13 14 3 6
60 25 2 2
31 80 6 2
98 61 5 1
20 52 4 7
90 34 6 6
43 5 3 1
59 89 2 2
13 48 6 6
76 80 8 5
58 75 8 9
71 73 3 5
26 16 5 8
96 13 5 6
81 86 8 5
89 53 9 1
30 2 5 1
66 54 7 9
34 45 10 9
35 4 3 8
65 75 8 10
39 48 10 5
37 98 8 8
54 7 4 4
54 39 7 1
69 75 5 1
58 18 4 7
23 61 2 10
19 90 4 4
4 34 8 10
6 58 6 3
18 50 9 8
53 78 3 6
25 89 3 4
99 85 10 1
54 89 9 10
59 79 4 1
79 42 2 2
53 93 3 9
94 75 5 10
28 54 2 8
23 48 10 1
37 100 2 10
75 24 5 10
12 49 5 2
100 70 7 4
62 97 8 6
18 61 5 5
92 1 3 6
19 91 4 1
59 22 6 10
95 13 9 2
32 97 5 7
30 76 10 2
62 26 7 3
49 46 4 10
51 100 6 6
71 31 10 8
98 64 6 5
50 66 10 7
57 76 3 10
23 21 6 8
91 27 10 7
59 25 1 2
22 60 7 3
98 58 2 6
91 80 3 9
48 49 9 5
14 93 1 2
8 17 5 3
65 76 6 7
74 61 1 6
59 57 4 3
96 1 5 2
51 53 4 10
34 86 2 1
10 20 7 4
73 96 8 6
78 71 5 9
67 62 7 6
58 84 7 6
37 2 10 1
60 18 1 10
71 100 6 4
10 12 2 9
7 83 10 10
91 38 6 7
74 69 7 3
94 29 6 1
88 95 6 8
22 91 4 9
66 17 2 2
2 11 4 9
78 85 1 1
82 20 9 2
5 92 5 4
43 14 2 6
31 11 7 4
50 82 7 5
2 98 3 10
4 22 9 9
19 15 4 10
38 49 3 3
26 66 5 10
93 82 7 2
65 62 9 9
75 21 6 3
20 17 2 1
97 22 6 1
52 44 6 4
97 75 10 8
67 5 2 3
48 41 2 7
56 17 6 1
81 48 3 4
70 9 1 9
11 42 9 3
99 57 6 10
83 91 9 7
76 96 4 10
44 96 2 4
22 50 3 8
49 31 5 8
13 55 9 1
43 93 9 2
87 54 9 2
82 90 8 10
26 35 2 3
81 82 10 8
21 9 8 6
47 99 5 7
97 58 1 3
33 52 8 9
89 100 5 2
77 29 10 1
5 29 2 8
85 19 2 4
27 34 3 2
17 21 7 4
92 53 3 10
69 58 9 7
64 76 2 8
9 18 4 8
17 97 3 1
65 30 9 4
13 5 5 8
20 40 5 8
53 6 6 4
70 55 1 5
5 12 8 3
41 39 1 2
78 9 9 2
60 70 3 10
49 76 4 6
88 46 3 10
17 4 2 1
78 6 4 1
65 39 9 1
60 96 10 3
3 9 9 8
98 73 1 8
80 57 7 4
13 77 7 3
57 47 8 2
22 25 1 4
95 19 6 2
47 23 2 4
6 64 7 1
4 23 8 5
80 65 6 2
75 55 9 3
52 78 3 8
71 19 3 5
94 78 5 6
41 35 5 10
15 70 3 4
88 52 2 9
12 85 7 2
66 55 1 3
67 22 1 10
8 27 6 3
51 22 4 2
79 83 6 3
2 60 8 10
38 97 3 10
42 46 2 3
8 30 4 3
34 60 6 5
45 27 1 6
29 46 7 3
4 91 5 2
79 97 3 5
81 94 5 5
65 53 5 4
39 18 2 5
32 93 10 1
42 71 7 8
89 33 10 9
80 70 3 5
66 42 9 6
38 51 2 6
15 80 9 4
92 9 4 10
98 35 6 7
4 96 3 10
93 86 1 7
73 76 10 1
31 57 4 6
44 3 10 5
87 89 5 5
59 2 4 7
46 60 7 7
84 53 9 3
11 63 10 6
98 81 9 6
82 62 2 2
96 7 6 6
10 9 5 5
95 89 4 10
14 29 2 1
27 26 4 1
71 12 3 2
27 40 1 6
68 15 4 6
62 58 10 6
84 8 9 8
69 70 10 8
68 89 6 6
38 46 3 4
38 56 6 9
88 57 1 7
42 90 6 9
30 78 2 4
26 59 5 6
31 73 2 7
55 60 9 10
30 55 3 10
45 8 7 6
30 1 9 6
70 98 3 4
29 58 6 4
74 46 6 6
75 51 4 5
28 35 4 1
45 39 10 8
94 12 4 8
14 62 1 7
17 34 10 10
75 61 10 9
78 11 4 8
76 68 6 1
75 70 10 3
83 18 3 10
63 46 8 10
60 33 1 8
73 51 10 6
5 89 7 10
64 87 8 4
87 95 1 3
43 96 1 7
85 26 4 8
19 88 6 7
21 80 5 2
40 8 6 7
87 38 7 8
82 29 4 6
32 7 7 10
81 60 5 1
72 38 6 3
24 76 7 7
92 64 3 1
99 36 3 3
90 95 6 7
66 69 4 7
2 22 9 6
79 86 5 7
14 46 2 8
99 21 7 6
9 66 5 1
27 14 5 8
36 4 4 5
33 19 10 2
36 69 5 6
31 53 8 9
95 55 8 4
89 27 3 8
80 29 3 8
18 36 1 6
89 70 3 1
16 59 6 4
80 23 10 3
76 31 1 6
45 79 6 3
50 46 8 4
83 25 8 4
30 58 7 6
53 85 9 5
58 96 2 3
72 89 9 5
7 57 1 5
73 42 4 8
20 53 9 6
86 98 2 2
7 35 7 10
70 27 2 6
21 88 1 3
26 97 10 6
69 62 6 6
38 50 6 5
36 54 4 7
40 54 4 3
40 63 8 1
55 1 1 9
27 9 3 1
73 10 10 2
65 7 1 9
95 34 7 6
37 15 4 4
24 60 2 2
64 88 8 6
29 96 8 6
27 16 10 8
51 60 2 7
50 16 3 7
18 24 5 1
34 33 8 7
80 58 2 2
97 90 5 1
85 94 7 10
70 58 8 5
51 86 10 4
17 61 1 6
88 40 1 7
50 78 6 9
95 18 2 6
4 99 6 7
20 43 8 3
21 11 5 5
25 47 8 1
97 73 9 7
60 31 2 1
2 100 7 7
53 36 2 3
24 80 9 7
63 75 4 1
16 19 5 10
81 9 2 5
68 45 6 1
25 58 5 3
20 92 9 2
94 16 5 1
28 40 10 7
36 93 5 9
1 63 1 5
44 79 8 4
28 17 3 7
95 59 8 1
29 6 1 6
88 30 8 3
97 56 4 2
11 62 6 8
46 57 4 10
80 16 3 7
46 61 4 2
20 18 5 1
91 53 10 9
94 87 8 8
90 4 8 10
22 85 2 2
15 40 3 3
42 68 3 10
21 79 10 9
93 100 1 3
69 82 5 5
12 70 8 8
42 41 3 6
28 19 5 9
38 93 2 5
71 57 6 4
47 33 4 8
13 68 10 5
34 11 6 8
56 12 7 6
64 1 7 7
69 53 9 2
23 92 4 9
74 43 2 5
19 4 6 6
98 22 2 3
4 18 6 3
51 41 7 4
19 98 1 7
42 33 3 1
27 31 1 5
98 55 4 4
34 41 9 8
27 73 8 4
32 48 1 2
59 92 8 3
20 19 4 6
38 28 1 5
69 5 7 8
70 31 3 6
1 20 2 4
57 70 10 4
93 77 2 3
10 96 4 10
54 94 1 5
5 20 9 5
75 32 8 4
79 67 3 10
71 40 4 9
22 17 8 5
40 3 2 1
34 83 6 10
78 1 10 1
46 97 2 1
88 71 10 9
55 80 9 8
31 3 6 9
51 56 10 5
57 6 9 7
69 18 2 3
69 45 1 5
33 23 10 2
56 76 1 8
49 56 3 10
19 13 8 2
91 62 9 6
78 10 3 2
73 25 2 4
11 22 6 3
94 35 4 3
41 37 10 2
74 2 3 7
41 61 6 3
29 100 1 9
51 39 5 6
89 34 2 3
21 42 6 6
10 27 5 2
84 78 1 5
52 48 5 1
23 2 10 8
3 67 9 1
22 33 4 10
80 5 1 1
31 92 8 4
52 80 4 4
64 41 10 1
41 36 5 5
79 29 4 8
54 71 2 1
17 95 4 1
77 73 4 3
47 43 7 1
38 71 7 5
84 42 8 6
57 73 10 2
71 23 6 7
51 97 7 6
12 74 3 10
65 36 2 6
39 19 9 3
93 47 7 10
12 33 9 9
66 11 4 6
97 81 3 5
77 40 7 3
18 89 8 10
41 62 10 2
34 31 9 9
52 96 1 2
22 82 1 5
63 57 3 9
7 6 5 1
42 82 5 3
26 81 1 2
85 32 8 5
41 47 9 10
70 87 3 9
47 13 7 3
90 12 2 3
22 89 4 8
100 97 6 9
71 76 9 4
73 45 9 5
64 40 8 6
73 94 4 8
24 55 1 4
67 48 2 10
91 97 9 1
23 36 3 10
35 97 7 3
62 63 5 6
88 9 10 8
17 51 7 6
76 53 3 9
85 64 7 4
89 37 9 7
24 72 7 3
13 9 1 1
49 45 6 2
66 7 1 10
86 2 5 2
36 26 4 9
94 30 2 3
1 80 9 3
62 38 8 6
44 57 1 8
46 22 4 6
94 11 3 9
15 73 7 7
3 71 7 10
69 52 10 3
81 33 9 3
100 76 7 2
47 81 4 9
43 29 2 6
28 15 5 5
17 90 7 2
60 64 3 4
65 32 6 6
23 15 9 7
11 98 3 4
48 26 6 8
86 46 3 3
63 13 1 9
61 33 7 1
29 89 4 4
82 100 4 9
100 24 7 7
78 40 8 6
64 75 8 6
26 90 2 4
43 42 9 3
42 99 3 5
49 78 3 1
56 28 4 2
15 85 9 8
30 34 6 5
44 35 6 3
23 58 6 8
45 31 7 8
31 85 6 1
91 56 3 4
14 28 6 9
87 19 9 4
1 100 9 7
70 28 3 6
87 81 5 10
32 79 1 1
21 90 4 10
73 74 3 5
31 54 1 10
31 84 9 4
42 50 1 8
53 29 9 2
54 11 10 2
3 19 6 8
66 37 2 8
28 55 2 6
51 67 5 1
9 16 7 5
45 65 10 7
74 76 2 8
25 5 9 5
2 78 4 8
36 89 9 3
9 75 8 1
90 31 2 5
23 9 10 6
59 29 8 9
46 83 6 4
71 18 2 8
70 62 2 2
29 54 2 4
25 66 2 3
85 92 1 6
68 51 4 3
95 1 7 10
73 50 1 10
82 46 8 3
5 91 1 9
17 62 10 2
72 77 5 4
22 77 6 2
92 67 9 5
99 98 1 10
94 69 9 8
50 91 1 6
24 6 3 6
59 52 3 1
87 1 10 4
19 79 3 3
28 37 9 2
84 16 9 5
36 25 6 1
42 9 4 7
71 47 2 1
74 58 1 1
92 88 4 8
82 25 8 4
22 90 1 2
74 26 7 2
47 52 3 7
47 86 9 4
28 76 6 6
43 87 6 1
17 3 9 7
73 14 10 9
61 94 7 5
45 3 4 10
11 70 2 5
11 58 2 5
34 52 8 2
52 41 6 1
56 27 6 9
88 59 1 9
6 94 3 1
92 99 7 8
53 63 4 3
69 20 8 8
15 81 6 3
70 5 9 9
42 6 1 5
95 84 7 8
18 26 4 7
16 46 3 2
51 23 5 4
22 34 4 10
82 92 9 5
84 23 3 7
77 12 10 1
15 8 4 8
79 75 10 9
67 70 3 9
8 38 8 6
78 14 10 1
54 13 4 1
3 38 3 1
44 28 4 2
11 46 6 6
64 97 3 8
15 66 3 4
20 21 10 9
68 25 1 8
86 76 1 6
62 47 3 2
55 92 5 5
83 15 7 5
93 4 7 1
85 57 10 6
7 1 5 6
7 78 8 9
58 40 1 1
5 75 1 9
100 85 2 10
12 79 4 7
51 92 6 9
66 24 10 8
48 4 4 9
65 72 9 4
11 53 9 3
72 37 5 6
83 16 2 1
98 39 1 1
98 44 5 4
66 34 3 7
68 82 4 10
62 46 1 7
34 53 1 6
35 6 7 10
1 84 5 3
32 16 7 5
76 95 10 1
22 40 9 3
50 60 1 2
9 40 7 3
39 30 4 7
77 56 6 6
61 32 1 2
67 28 8 6
46 1 6 7
82 2 7 3
78 15 5 1
22 39 6 5
9 63 4 7
6 16 9 9
58 46 10 4
88 42 9 9
43 13 7 7
92 24 7 4
41 71 7 8
41 96 9 4
23 100 3 7
56 93 1 4
47 66 7 9
90 89 6 7
67 45 2 10
3 49 3 7
92 62 3 7
29 37 7 10
96 99 7 6
3 79 10 8
77 15 9 8
42 37 5 5
19 30 3 9
18 45 9 10
28 41 7 2
92 41 7 5
18 40 4 10
85 83 3 9
61 93 2 6
94 20 5 9
10 36 5 8
15 99 2 6
82 47 8 1
100 9 2 1
16 2 4 7
38 63 4 5
25 31 6 5
19 9 1 8
100 67 8 1
43 72 4 4
28 31 8 8
35 86 6 1
16 48 1 3
4 39 10 9
91 31 10 7
87 77 5 3
19 29 10 2
33 7 5 9
86 33 2 3
20 47 3 9
2 29 3 10
39 17 10 6
50 63 9 5
20 15 6 5
81 38 6 8
54 78 5 4
97 61 10 7
84 22 10 6
21 70 1 3
39 93 2 1
56 52 10 4
55 19 7 7
100 16 1 3
11 16 9 5
16 90 5 9
71 61 9 1
3 83 10 10
13 98 4 8
63 54 3 3
28 33 6 8
51 3 5 5
72 25 6 10
27 19 10 9
21 16 1 4
5 39 8 4
41 46 2 9
53 67 2 2
87 80 10 8
79 43 1 3
13 92 7 5
35 88 1 10
35 63 4 5
67 47 9 6
42 32 5 5
75 46 8 3
1 8 1 1
26 7 4 5
2 52 2 3
60 35 5 5
20 41 1 7
34 96 9 8
77 10 5 10
6 51 10 4
100 96 3 7
20 61 7 5
88 31 9 3
60 98 3 8
94 19 1 9
36 58 7 10
48 96 2 2
86 74 10 10
74 45 5 6
24 12 1 1
42 29 10 8
86 44 1 9
58 59 1 4
32 2 1 1
100 10 10 10
14 89 5 2
25 99 4 2
54 22 3 4
68 38 1 6
90 20 5 4
65 52 8 8
91 7 5 7
1 9 2 7
14 48 8 2
30 47 8 10
59 14 7 9
36 83 1 3
53 81 9 7
76 16 6 10
92 98 4 9
73 18 4 10
5 17 10 1
68 27 2 7
2 68 3 10
26 86 9 4
100 25 8 10
11 41 7 6
40 67 3 8
81 77 4 7
71 65 3 4
8 18 1 2
84 48 10 2
32 99 5 8
99 51 10 2
100 20 6 10
40 46 1 4
32 27 6 8
17 53 8 7
52 5 9 3
37 52 5 9
94 40 1 8
94 80 5 8
41 18 10 4
73 43 8 1
79 26 8 4
97 77 9 9
33 91 10 6
72 31 10 10
59 10 1 1
45 87 4 2
45 28 2 10
80 54 6 5
100 8 7 1
78 28 9 9
49 23 9 1
36 67 9 9
18 7 2 10
95 96 6 3
83 47 4 3
4 61 6 5
23 42 1 7
1 31 9 7
52 68 9 4
80 35 8 7
76 41 1 10
95 75 4 9
90 85 3 3
24 37 5 10
84 72 2 3
42 93 4 10
12 29 4 5
67 7 8 7
77 49 7 7
7 52 4 2
89 30 3 2
76 36 5 9
29 61 6 5
4 75 5 2
57 30 9 7
83 44 4 5
97 40 1 9
11 14 6 1
100 66 3 4
56 75 3 9
64 91 4 8
22 31 5 7
40 21 10 2
28 99 2 7
32 95 1 3
80 68 4 1
56 26 2 10
4 88 9 1
61 99 6 3
47 15 6 9
27 20 10 7
77 25 9 3
52 77 1 8
25 52 9 7
1 36 3 10
54 62 8 8
10 61 6 8
58 31 5 8
67 89 6 1
35 78 4 3
9 25 2 2
53 94 6 9
26 6 2 5
56 39 3 5
62 56 4 10
34 51 8 8
28 21 7 10
15 12 10 10
30 99 5 3
65 43 10 3
91 99 3 8
63 42 7 6
52 79 8 10
13 88 8 4
4 85 10 3
31 55 3 10
96 94 3 1
63 68 5 5
31 40 9 8
53 19 5 9
100 14 8 7
3 62 2 5
62 83 2 8
6 10 4 10
84 35 9 9
70 39 2 10
69 41 8 4
36 68 3 5
83 84 9 8
62 27 10 7
75 33 1 4
26 96 5 10
10 26 2 10
17 36 10 2
63 7 2 10
31 64 1 6
18 49 8 3
11 82 1 1
28 39 8 5
87 61 8 2
43 86 1 3
38 32 4 3
46 100 2 4
40 89 4 7
33 4 6 5
28 68 1 10
1 82 3 5
42 69 9 3
55 36 1 1
13 80 5 9
63 36 7 9
93 83 9 10
6 100 1 3
6 84 2 7
57 15 10 1
6 23 1 4
93 54 4 2
79 39 7 4
52 29 7 10
71 36 5 7
94 59 10 6
93 24 5 4
24 28 8 5
48 78 5 5
100 81 3 3
56 29 4 3
54 99 2 5
36 27 3 7
94 64 8 1
28 90 9 10
25 18 1 3
48 87 7 1
20 45 7 5
49 74 6 9
55 61 9 9
78 24 6 4
10 34 1 9
20 98 10 9
96 69 6 6
76 35 2 6
4 49 10 8
74 65 9 2
21 63 6 6
69 79 2 6
92 61 2 8
49 29 9 10
86 48 8 3
83 82 6 1
37 93 8 1
22 32 4 1
24 90 7 1
43 52 5 1
59 40 1 2
81 52 1 1
20 78 1 8
36 77 8 9
59 28 2 2
77 75 2 5
87 14 5 10
57 39 9 9
82 65 2 9
93 70 4 3
68 92 6 4
7 22 5 5
11 61 5 2
72 66 9 7
48 57 5 5
47 92 5 1
27 87 2 8
25 14 6 3
89 58 8 3
7 80 2 2
62 95 4 3
58 78 7 4
79 82 6 4
91 66 9 10
41 85 1 2
11 35 10 8
59 67 3 4
18 99 10 7
5 40 2 4
14 51 9 6
6 30 3 7
33 43 2 10
82 19 4 6
41 98 10 10
32 3 6 7
42 76 10 1
20 8 1 5
27 66 5 10
25 4 4 1
81 51 9 8
9 55 4 2
94 70 9 6
7 81 6 3
35 96 8 7
28 73 1 7
37 63 9 4
90 38 8 1
76 70 10 3
50 8 8 9
97 42 9 10
75 67 8 5
99 16 7 9
63 77 5 10
54 48 6 2
100 60 5 9
43 8 5 5
81 74 10 9
23 68 4 3
55 6 8 5
78 51 4 3
15 27 7 3
19 100 8 8
55 78 6 5
1 53 8 9
28 79 1 6
16 87 7 8
44 24 5 5
44 42 5 3
50 11 8 9
52 9 2 1
15 84 5 8
66 4 1 2
64 15 4 10
65 21 7 3
67 68 8 3
11 83 2 4
68 33 1 3
62 16 10 1
63 3 10 4
3 27 9 9
24 85 7 9
63 41 10 1
77 99 6 6
93 44 6 3
35 31 6 9
84 74 9 4
65 34 1 3
50 1 10 6
82 48 4 6
1 75 8 3
12 18 6 10
12 3 4 8
75 6 6 6
64 83 10 5
77 90 4 10
5 99 10 2
72 67 2 7
44 36 9 9
72 83 4 2
30 80 9 2
48 20 6 3
39 34 9 8
54 65 9 3
25 94 10 2
36 92 6 7
88 26 3 1
83 42 3 7
23 70 7 10
2 34 9 1
17 59 8 6
60 19 4 7
12 14 2 1
19 44 6 6
38 22 9 9
81 39 3 4
22 42 6 4
25 11 4 5
1 44 3 1
22 28 1 9
81 92 6 6
65 8 6 7
3 74 3 4
75 36 4 4
18 47 7 10
61 21 8 8
35 30 4 8
44 4 7 4
34 98 10 5
29 78 8 3
96 56 10 10
91 96 6 7
10 38 1 2
92 79 8 10
64 36 6 6
65 16 9 7
4 63 8 4
78 41 6 2
16 17 9 3
90 43 8 2
96 45 2 6
28 27 9 7
44 78 5 7
42 98 6 7
74 5 3 8
59 70 8 8
22 62 7 9
38 23 7 6
50 9 1 10
22 93 10 9
94 79 2 3
29 65 2 7
78 70 8 7
74 80 5 8
70 32 5 8
82 87 9 2
50 75 8 5
10 2 7 6
58 9 3 6
89 76 3 9
64 39 2 10
45 75 5 4
42 31 9 1
83 94 7 1
62 55 2 4
36 37 2 8
51 77 10 10
52 19 2 2
92 18 2 6
73 83 10 1
74 97 3 3
3 36 1 3
16 86 6 9
44 18 3 6
55 46 7 1
79 1 2 2
59 74 6 10
100 75 9 1
65 89 2 3
71 80 4 7
18 32 7 3
70 17 10 5
78 37 3 2
30 41 1 2
89 69 5 8
36 14 9 6
88 50 9 8
46 17 5 1
85 29 8 2
29 7 4 7
23 34 3 2
22 88 5 5
48 64 9 6
72 13 10 1
87 6 4 5
46 84 2 8
3 47 7 5
47 85 5 9
16 98 1 5
74 75 5 1
47 68 2 3
71 48 6 5
20 39 9 9
28 1 5 10
92 46 3 2
71 83 9 2
89 4 1 1
65 63 7 5
48 29 9 9
62 100 10 8
52 13 2 5
15 63 4 4
78 73 4 4
67 34 2 8
50 59 1 5
74 20 3 8
43 22 9 10
69 29 5 1
5 38 1 7
51 48 4 4
18 48 3 10
20 50 6 5
81 66 2 1
88 89 4 9
83 96 7 8
44 32 6 2
84 77 5 4
96 8 3 9
89 91 3 2
59 69 5 1
86 21 10 2
69 48 10 2
13 61 5 5
57 64 10 8
93 7 8 8
98 29 8 6
81 67 9 4
95 83 1 10
17 26 2 9
71 46 7 5
14 68 4 3
6 82 9 5
23 63 2 10
55 52 2 4
18 80 1 3
32 94 5 9
5 28 5 7
15 62 1 9
32 72 3 4
71 30 2 6
25 10 3 3
36 50 1 9
15 61 5 5
29 39 1 10
78 64 9 6
79 30 8 2
17 72 3 2
34 13 3 1
80 60 6 1
95 99 10 2
71 2 6 9
38 88 4 4
66 56 1 5
50 95 4 2
2 72 10 8
64 56 3 7
60 93 2 10
97 69 4 5
60 67 8 4
23 86 9 5
78 56 6 9
3 14 2 8
12 7 8 2
5 7 7 10
28 3 4 5
99 34 2 10
39 99 4 5
42 80 8 1
14 77 3 10
8 95 5 1
85 88 2 9
2 38 1 3
19 38 3 6
82 61 1 5
29 28 9 10
89 96 3 5
72 20 10 7
20 34 6 8
21 6 2 4
51 9 3 5
53 47 7 10
52 18 3 9
78 25 9 6
91 81 8 2
83 35 6 2
86 96 7 2
64 68 4 5
97 96 4 10
82 53 1 1
28 4 8 7
18 81 3 2
28 34 1 9
74 77 3 3
27 86 7 2
23 28 3 2
82 80 1 7
71 50 8 7
3 73 3 3
33 73 3 6
5 14 9 3
40 34 1 6
71 1 1 6
16 36 2 6
98 26 1 4
20 54 7 5
16 20 2 4
47 35 6 6
88 61 6 8
51 61 7 6
31 65 7 5
81 78 7 4
57 34 7 7
94 22 6 4
77 78 10 4
13 57 2 9
82 98 1 7
10 81 1 1
29 25 4 6
35 25 7 8
95 47 4 6
9 83 8 9
61 73 3 4
45 52 7 8
23 67 10 5
74 98 7 3
44 7 6 9
31 50 10 7
86 64 2 5
72 79 3 5
96 38 10 6
3 100 1 2
16 56 5 4
61 5 4 1
9 44 8 10
33 32 4 8
6 69 6 2
73 36 7 7
12 66 1 5
50 55 4 7
62 25 3 3
28 10 7 1
95 53 4 8
6 47 4 2
97 36 8 1
72 23 9 3
6 66 9 7
24 89 8 8
18 34 2 1
41 67 7 1
8 59 7 2
45 63 7 10
55 90 4 9
43 78 7 6
75 62 3 3
42 20 2 6
47 55 7 3
91 67 10 2
63 16 9 5
47 97 9 9
82 88 6 5
11 17 5 6
22 75 9 10
91 98 1 2
12 22 5 1
10 88 8 2
96 47 10 2
26 2 7 2
91 36 5 5
13 66 7 9
24 97 3 1
8 47 5 3
43 19 8 6
7 21 4 10
8 54 3 5
17 73 8 7
47 21 3 8
43 34 6 6
91 17 8 8
70 48 10 10
44 34 3 2
53 68 3 6
56 61 4 9
46 37 7 7
27 54 10 1
27 96 7 4
40 62 2 3
42 28 1 1
49 54 9 6
80 33 6 7
95 33 5 2
21 54 3 10
80 62 5 8
68 61 5 10
12 83 4 2
68 75 10 2
20 65 2 5
24 99 7 4
3 66 3 4
85 45 1 7
76 17 1 5
70 63 6 10
97 72 9 8
46 94 2 1
35 77 2 7
37 31 6 8
35 29 2 7
24 62 2 9
61 76 9 5
67 73 3 9
77 91 1 10
87 44 9 8
47 60 10 9
55 27 3 2
94 27 7 8
82 16 9 4
44 55 7 7
89 63 6 3
93 2 10 10
70 8 2 9
14 75 2 4
32 87 10 6
35 5 5 9
48 56 8 4
47 78 4 10
53 80 5 2
67 58 8 1
7 25 6 2
2 41 1 8
59 91 2 10
59 37 10 5
10 35 9 5
26 25 4 6
88 15 7 9
94 68 1 9
69 54 4 9
47 76 4 5
42 61 4 5
36 6 4 3
98 72 6 3
32 60 2 1
90 48 10 5
33 17 1 5
21 12 10 7
96 3 7 5
20 99 3 10
44 43 3 9
78 92 10 10
31 69 9 7
5 19 6 7
38 13 7 6
85 68 1 1
64 42 6 6
27 95 5 2
33 31 7 4
54 5 5 8
96 55 3 8
52 84 8 2
86 75 10 5
62 59 5 3
69 8 4 2
56 65 6 4
67 90 9 8
96 54 7 10
8 26 3 7
24 40 6 6
16 77 2 1
22 96 1 4
1 43 5 9
81 20 3 8
42 47 9 7
46 35 10 3
59 68 4 1
37 22 8 1
63 5 3 5
55 11 7 1
55 72 6 1
87 85 2 9
100 35 4 5
65 19 1 4
88 2 5 4
91 34 10 7
55 85 7 10
65 69 5 7
47 50 1 6
27 59 8 2
18 86 7 3
98 52 2 5
100 64 8 2
95 35 3 1
95 15 4 4
90 74 6 4
41 14 9 1
65 2 1 9
26 29 10 4
90 3 1 4
19 64 9 10
33 26 7 9
64 14 7 5
49 37 9 9
93 73 6 2
95 49 1 9
10 99 7 9
86 82 4 8
47 19 3 5
41 55 7 9
79 100 10 3
88 70 5 8
13 83 1 10
50 87 3 9
14 26 6 2
53 73 4 2
77 59 9 2
1 13 8 8
54 26 4 8
7 4 5 10
76 78 4 2
36 5 1 5
58 72 2 5
54 79 4 1
68 9 8 8
53 5 3 10
63 98 2 4
39 46 5 1
79 8 4 2
63 66 10 2
52 30 3 10
89 47 7 3
84 99 2 4
77 11 2 10
62 29 2 7
28 2 1 2
80 25 6 10
92 60 4 8
70 10 7 9
38 1 1 4
95 44 2 3
6 96 10 1
68 56 4 4
44 68 6 1
40 69 2 9
4 87 4 5
49 93 9 8
1 77 3 8
91 11 1 5
36 88 1 1
57 45 4 4
24 52 9 4
21 24 6 10
87 66 2 6
50 7 4 8
63 86 9 1
26 9 1 10
14 90 4 4
82 31 5 10
15 7 4 5
31 63 10 2
82 38 4 8
40 55 1 6
68 49 3 10
76 39 3 7
42 81 9 10
99 53 1 7
1 35 9 5
41 77 8 8
35 68 8 3
43 58 8 3
29 9 8 5
16 61 3 6
73 56 10 8
26 72 2 6
25 95 6 6
72 34 3 6
6 85 9 7
63 44 2 1
63 61 2 8
84 50 2 8
56 99 2 8
92 40 3 3
10 8 4 9
9 56 7 9
31 47 1 10
59 96 8 2
64 4 9 7
23 87 7 3
46 34 5 3
59 60 10 10
50 90 1 2
35 93 9 1
100 40 7 4
9 49 9 8
7 60 6 7
22 3 2 9
12 72 3 10
52 3 3 1
18 74 4 10
98 83 5 3
34 9 2 3
67 35 7 6
39 21 5 6
3 24 7 1
62 60 4 4
27 82 7 1
78 21 3 7
7 88 5 7
69 1 9 10
34 29 1 5
35 8 1 6
90 9 4 4
25 85 10 1
40 1 1 2
74 32 8 9
89 10 4 1
14 21 8 2
61 83 4 6
69 4 1 7
45 98 1 9
3 43 3 7
3 18 7 9
44 5 10 3
97 98 3 1
57 83 6 2
40 30 2 3
8 56 10 9
40 61 9 1
70 52 9 2
97 2 2 7
50 89 9 1
83 67 5 10
38 6 6 10
14 8 7 1
15 33 6 4
40 11 7 3
62 78 2 2
9 99 6 8
92 54 10 1
47 61 7 5
63 30 10 4
89 46 5 10
38 58 4 3
34 8 6 7
15 25 3 3
90 41 7 4
64 93 3 2
9 61 6 2
60 45 3 4
36 8 2 3
50
42
14
95
33
54
16
22
98
3
45
87
91
79
39
92
30
50
72
63
66
41
57
64
89
6
12
56
80
73
35
62
65
19
7
59
8
52
83
9
11
71
34
60
61
55
29
25
15
97
68
500
SUPER 39 55 89
SUPER 82 99 73
SUPER 73 14 59
SIMULASI 60 9 97 19 57 74 87 6 70 40 88 61 80 44 20 39 24 73 84 42 58 43 10 14 85 47 46 29 18 98 93 59 32 26 56 55 83 13 7 91 89 96 68 3 34 71 2 37 51 82 54 92 63 66 15 33 30 52 69 45 23 
KABUR 9 29
KABUR 62 32
SIMULASI 70 45 4 84 77 98 40 69 20 35 44 74 21 56 46 71 49 80 99 48 19 68 83 55 88 64 31 96 16 60 23 51 30 97 8 37 11 29 94 58 13 91 3 79 34 2 66 6 18 36 59 41 24 90 63 81 87 27 70 54 50 12 82 15 75 61 39 7 95 100 28 
KABUR 35 97
KABUR 97 31
KABUR 28 19
KABUR 58 76
SUPER 33 23 57
SIMULASI 31 44 24 45 36 100 83 43 53 32 46 93 38 92 90 20 2 59 19 95 97 69 79 8 89 31 15 34 74 88 9 6 
SIMULASI 72 74 23 27 75 10 33 24 35 41 48 9 46 19 61 52 100 14 66 56 4 47 30 90 40 32 51 20 88 12 60 1 68 97 95 15 71 8 6 67 86 98 45 77 73 91 55 5 31 87 82 65 72 63 85 53 21 76 50 22 44 26 7 25 17 49 36 94 78 11 54 89 93 
KABUR 51 93
SUPER 71 54 8
KABUR 76 7
KABUR 24 22
SUPER 64 12 99
SIMULASI 72 3 32 38 20 19 40 31 10 14 8 80 45 83 86 67 96 94 84 57 89 70 52 48 71 53 7 54 87 17 12 95 5 79 59 18 82 66 34 73 36 1 9 37 91 35 65 55 33 92 22 51 23 76 30 29 49 41 24 44 98 42 63 85 2 93 15 72 26 97 99 11 78 
KABUR 12 67
SUPER 91 69 98
KABUR 26 23
SUPER 98 41 15
KABUR 90 87
KABUR 45 5
SUPER 37 63 56
SIMULASI 69 13 72 34 2 48 56 33 93 63 6 78 15 96 31 14 37 91 18 7 94 16 54 9 3 52 73 1 21 76 100 58 55 57 61 38 79 43 5 99 89 69 20 68 39 32 45 64 97 22 87 26 41 67 77 49 17 47 95 98 84 85 59 19 65 60 23 92 88 83 
SIMULASI 83 30 67 83 64 2 74 40 97 13 84 4 45 39 34 89 8 32 82 63 26 60 70 55 25 95 27 75 98 38 81 77 3 68 53 23 31 49 12 91 51 76 33 96 21 86 14 37 78 71 15 29 22 73 62 50 46 43 61 1 42 44 24 48 69 35 10 56 47 100 72 79 18 6 36 94 19 85 80 17 9 20 92 28 
KABUR 64 6
SUPER 45 16 90
KABUR 93 40
SUPER 3 48 61
SUPER 76 35 55
KABUR 79 72
SIMULASI 36 81 21 39 5 51 6 25 80 34 10 23 2 36 85 11 87 44 49 67 76 26 63 86 20 60 18 100 40 53 46 14 57 16 66 1 83 
KABUR 68 89
SUPER 76 8 18
KABUR 49 28
SUPER 50 10 7
SIMULASI 36 31 90 40 2 27 32 96 79 34 35 21 36 70 20 78 59 94 41 29 84 66 4 45 48 50 75 72 92 99 26 9 37 77 44 53 25 
KABUR 91 14
SUPER 39 51 43
SUPER 48 57 39
SIMULASI 79 11 55 22 69 58 57 54 65 62 33 45 28 67 32 13 8 34 18 38 72 48 51 46 66 12 14 59 44 76 25 17 74 88 29 89 70 47 84 52 82 37 2 95 53 27 7 39 23 98 60 78 79 6 36 30 41 94 71 31 21 86 10 19 50 15 16 92 99 68 61 35 43 85 83 80 64 87 40 100 
KABUR 90 81
SIMULASI 67 49 99 66 43 22 60 20 41 11 24 48 9 12 51 37 5 25 92 83 81 15 2 96 14 17 42 90 3 67 78 52 7 86 100 75 38 10 19 93 57 50 44 63 59 54 28 73 36 34 46 27 79 16 74 6 69 64 45 70 53 13 33 32 71 77 91 84 
KABUR 71 14
SUPER 37 4 92
SUPER 59 57 31
SUPER 89 14 38
SIMULASI 36 12 91 92 60 28 49 46 16 70 34 19 17 64 93 52 4 31 73 59 98 43 32 38 79 30 8 53 23 25 75 24 51 2 71 44 48 
SIMULASI 59 30 13 23 87 48 95 96 28 9 52 68 17 71 73 46 10 89 6 91 74 25 94 20 42 54 63 60 3 19 47 35 24 34 66 76 53 59 27 31 67 56 90 69 99 41 79 65 18 44 8 14 16 21 38 57 45 11 7 32 
SUPER 38 17 93
SIMULASI 77 24 98 76 86 50 52 41 87 51 80 35 14 62 47 46 1 100 9 84 96 34 30 6 58 16 70 56 93 99 67 59 17 71 75 88 74 10 13 25 45 94 89 23 85 90 11 19 39 29 92 7 64 3 65 63 54 44 95 79 43 68 26 69 55 77 82 22 97 33 57 72 36 15 5 37 49 2 
KABUR 83 27
SIMULASI 60 29 78 91 33 62 60 58 77 13 56 97 47 57 3 23 7 6 8 81 20 10 31 59 48 17 42 40 32 82 50 98 72 75 44 83 12 25 74 35 53 9 27 4 45 52 28 36 80 61 94 99 39 34 19 18 16 85 65 64 30 
SIMULASI 88 86 5 45 29 13 8 16 11 97 75 51 56 90 25 78 12 71 65 72 32 18 30 22 69 98 19 80 89 10 85 84 36 38 40 61 68 53 64 95 77 55 94 31 58 37 7 83 23 9 73 49 20 6 26 93 62 2 99 39 92 34 24 48 96 4 41 28 67 3 59 52 57 88 74 66 63 17 15 43 1 87 21 46 81 27 100 44 91 
SIMULASI 14 4 36 53 78 35 77 28 22 73 25 12 3 45 5 
KABUR 44 81
SIMULASI 29 62 65 46 38 41 50 5 93 67 28 35 16 23 20 39 12 22 90 80 64 54 33 19 2 30 92 59 1 42 
SIMULASI 40 7 52 73 64 12 48 22 2 65 56 75 18 39 46 26 38 90 21 35 17 24 3 66 59 68 50 86 41 69 89 54 8 99 79 29 19 1 27 78 10 
SUPER 79 20 91
SUPER 84 20 57
KABUR 57 63
KABUR 48 5
SUPER 31 43 69
KABUR 16 7
KABUR 97 75
SUPER 7 9 44
KABUR 68 48
SIMULASI 22 73 37 84 35 31 39 55 59 29 28 100 7 82 53 17 81 27 10 96 46 3 40 
SIMULASI 8 69 80 33 12 21 50 17 4 
SIMULASI 41 22 79 35 96 98 19 50 44 16 38 77 34 24 31 83 28 75 30 85 91 99 11 12 73 90 86 89 42 67 95 70 53 65 41 94 46 20 18 97 23 59 
KABUR 68 60
KABUR 50 63
SUPER 6 8 92
SIMULASI 99 76 13 1 50 41 33 83 7 47 90 27 15 43 10 23 2 93 9 72 36 16 92 25 95 54 55 21 30 39 73 3 61 32 26 62 67 46 24 65 63 87 35 40 97 85 12 18 37 34 88 52 59 80 64 84 45 68 19 99 38 6 69 51 29 77 100 79 82 56 78 48 8 49 57 70 17 14 28 98 91 5 58 4 22 86 74 75 53 96 31 42 60 94 44 66 81 89 71 11 
SUPER 100 95 68
KABUR 26 51
KABUR 25 35
SUPER 28 43 65
SUPER 99 71 17
SUPER 38 11 35
SIMULASI 94 60 21 51 67 94 78 58 41 66 73 33 22 55 52 85 29 65 97 34 88 93 92 31 53 1 23 68 96 37 100 49 26 7 69 42 45 50 86 99 54 80 71 61 8 27 87 14 72 79 83 89 43 5 62 57 56 15 82 19 9 17 10 74 38 13 25 40 6 2 84 70 64 35 39 3 30 11 18 77 44 46 48 95 28 91 32 36 81 90 4 47 24 76 16 
KABUR 37 95
SIMULASI 8 14 93 2 29 63 99 86 76 
KABUR 86 58
SUPER 92 46 89
SUPER 66 26 18
KABUR 88 24
SUPER 61 11 13
SIMULASI 77 58 55 11 99 71 72 31 63 74 1 5 82 77 4 33 20 78 2 23 54 69 61 13 97 8 52 96 39 70 60 6 41 65 16 91 38 76 98 75 84 37 14 80 93 90 36 83 57 88 21 35 50 94 44 49 81 24 12 87 42 92 3 29 79 10 51 47 100 85 7 53 45 19 68 89 62 27 
SIMULASI 85 63 68 24 39 45 37 94 88 18 25 62 47 9 87 34 28 52 27 57 77 95 60 46 33 100 14 35 4 50 41 61 3 64 7 44 84 26 21 97 32 70 69 23 58 99 40 86 16 5 85 55 79 8 89 29 98 74 48 54 73 81 22 6 82 12 1 31 13 72 43 10 66 56 65 51 90 11 59 76 49 78 92 20 67 30 
SUPER 93 15 40
KABUR 87 93
KABUR 37 96
KABUR 8 31
SUPER 77 29 14
KABUR 50 34
KABUR 55 96
KABUR 52 56
KABUR 35 80
SIMULASI 63 60 28 19 42 83 31 54 63 72 25 46 53 86 67 13 68 96 91 65 66 93 74 89 52 37 8 27 76 55 16 3 73 71 1 97 6 14 80 81 23 33 92 61 82 51 64 70 85 56 17 34 88 90 59 38 21 98 10 58 12 20 15 50 
KABUR 2 69
SUPER 91 75 84
SUPER 23 24 42
SIMULASI 9 2 37 50 43 54 97 48 67 20 
SIMULASI 27 36 67 80 23 49 27 41 84 16 45 73 11 15 70 57 77 54 9 7 50 22 96 47 76 24 3 75 
SUPER 53 1 97
SIMULASI 83 61 53 45 17 44 34 89 22 7 73 25 18 55 74 86 28 80 77 11 40 35 4 31 81 36 79 76 32 71 8 49 59 97 63 19 51 16 13 82 60 91 84 100 96 41 69 12 1 72 26 66 94 83 75 43 14 21 20 27 6 33 93 90 47 15 10 23 50 38 56 39 29 58 65 52 70 3 68 87 46 88 2 24 
SUPER 66 30 68
SIMULASI 70 6 24 29 75 91 49 86 48 30 94 38 56 100 60 62 22 18 36 19 37 61 14 97 72 11 28 8 9 80 96 55 26 66 64 50 88 7 84 10 45 40 2 27 44 54 81 73 34 79 77 89 25 78 71 90 41 70 99 95 33 82 53 20 51 23 32 74 67 4 3 
SIMULASI 94 62 85 16 9 29 7 13 91 47 71 4 64 81 76 36 3 25 46 59 73 56 97 30 15 86 94 28 93 6 90 11 80 95 68 24 53 54 20 37 40 74 79 89 22 35 39 99 23 84 2 12 31 88 55 69 10 18 72 98 19 82 50 41 52 27 78 96 32 75 67 34 51 83 17 49 8 87 100 45 65 21 92 1 38 63 42 43 57 70 61 48 33 5 14 
SIMULASI 30 22 73 9 89 4 39 41 16 43 32 44 71 27 30 55 37 12 93 5 20 82 34 87 83 21 72 40 46 75 42 
SUPER 12 21 5
SUPER 28 78 29
SUPER 54 23 58
SUPER 78 97 86
SUPER 26 34 21
SIMULASI 58 40 61 83 38 87 13 86 39 69 68 71 93 66 56 31 95 58 9 25 73 64 46 63 88 48 85 19 8 45 18 50 81 59 90 65 92 100 24 96 15 42 75 76 80 27 77 53 6 98 49 12 26 51 22 4 60 30 57 
KABUR 9 48
SIMULASI 44 32 10 26 97 39 55 94 45 93 64 52 72 81 30 57 27 92 95 86 34 85 21 20 18 48 7 62 80 29 23 96 40 51 4 74 15 11 87 70 41 19 66 100 60 
SIMULASI 90 25 72 71 24 74 64 40 34 57 12 87 69 75 41 36 100 84 97 88 30 67 85 20 27 60 99 15 32 4 19 48 26 54 35 44 65 89 45 77 66 79 11 59 52 42 13 6 16 49 10 58 83 92 81 63 46 47 93 39 53 18 7 68 95 98 3 80 22 14 94 21 78 38 33 61 86 29 37 90 31 8 96 56 1 76 17 51 91 70 23 
SUPER 80 32 10
SUPER 23 21 57
SUPER 33 49 96
SIMULASI 71 17 71 67 60 48 54 1 95 98 47 62 14 87 9 20 51 61 52 30 38 43 50 35 70 83 81 23 4 69 25 12 99 16 7 76 15 53 21 34 56 11 77 58 91 65 49 27 18 74 84 32 42 78 68 13 100 90 82 31 2 29 44 57 22 26 19 45 93 86 73 5 
SIMULASI 93 58 37 56 50 49 95 5 35 99 65 64 90 43 14 26 21 73 66 25 45 20 39 57 63 28 40 29 93 44 89 6 41 4 16 53 36 12 72 10 71 81 48 67 74 32 70 11 17 80 87 13 24 9 1 83 23 42 84 76 96 97 52 85 22 34 51 59 55 68 98 100 47 19 88 82 69 7 46 91 92 78 15 38 62 2 3 94 18 77 27 31 75 8 
SUPER 50 33 24
SUPER 23 94 54
KABUR 26 11
KABUR 42 84
SIMULASI 3 50 26 5 
SUPER 43 34 37
SUPER 45 37 23
SIMULASI 20 36 71 37 11 85 8 60 17 46 61 24 81 99 53 74 91 26 59 65 83 
KABUR 34 22
SIMULASI 75 36 41 94 35 38 52 33 68 29 60 37 90 13 48 81 1 28 3 40 45 49 55 4 34 5 50 63 89 56 21 74 87 75 83 85 12 6 51 31 54 25 69 9 77 82 30 64 15 10 53 86 97 17 11 23 78 92 73 59 7 98 42 61 96 22 67 66 32 80 19 79 14 39 95 93 
SUPER 67 70 78
SIMULASI 41 78 83 16 11 45 42 50 81 89 3 10 46 76 93 84 55 9 37 87 33 47 22 18 94 65 26 24 70 88 85 38 63 68 8 21 49 5 36 25 31 51 
SIMULASI 17 5 54 47 86 58 56 44 41 61 2 88 99 97 62 34 51 33 
KABUR 83 72
SUPER 27 50 10
SUPER 6 21 4
SUPER 41 33 50
KABUR 84 94
KABUR 89 98
SIMULASI 68 93 28 95 64 1 27 19 41 34 51 65 11 5 89 13 18 33 12 15 38 32 84 36 49 71 88 94 23 52 56 22 81 9 17 10 30 82 37 62 68 73 7 4 26 80 66 54 87 90 24 74 44 83 96 79 98 69 50 40 29 91 63 72 14 6 77 47 92 
SUPER 66 48 93
KABUR 72 12
KABUR 25 26
SIMULASI 24 100 58 23 55 93 65 34 51 26 22 33 13 64 21 57 27 68 11 50 44 45 42 6 2 
KABUR 47 22
SUPER 63 76 34
SIMULASI 9 85 60 32 36 69 78 7 4 40 
SUPER 30 16 98
SIMULASI 19 3 72 85 93 32 92 51 25 44 40 48 58 82 15 43 55 14 24 19 
SUPER 67 1 73
SUPER 24 71 99
SIMULASI 19 71 57 86 21 36 76 30 59 17 25 75 96 73 12 82 69 33 61 2 
KABUR 75 51
KABUR 53 43
SIMULASI 14 26 67 36 97 94 41 49 74 55 35 86 82 79 13 
KABUR 74 13
SUPER 63 33 4
KABUR 59 21
SUPER 67 100 65
KABUR 34 44
SUPER 88 30 3
SIMULASI 46 71 82 86 67 59 19 18 62 81 54 10 22 29 21 45 91 27 43 28 48 33 83 87 31 7 36 49 4 41 70 3 50 9 2 39 66 97 95 24 32 11 14 17 93 6 37 
SIMULASI 98 68 19 49 20 31 60 59 71 1 91 75 99 87 70 23 44 39 18 51 24 7 55 74 64 85 93 36 79 94 40 14 88 66 22 72 63 12 13 46 29 78 90 8 61 37 92 57 3 5 50 100 81 67 58 27 95 80 15 41 6 2 96 9 89 54 76 4 17 47 16 73 82 62 43 30 45 98 38 83 35 65 33 56 25 42 77 86 34 21 97 48 52 28 32 11 69 84 10 
SIMULASI 42 68 97 89 12 9 91 70 7 1 22 86 58 18 19 78 92 77 16 93 79 23 33 73 75 60 52 48 46 25 2 30 11 13 49 44 27 85 34 53 3 80 72 
SUPER 23 10 94
SIMULASI 44 60 33 54 55 74 22 77 65 97 92 25 19 76 47 3 35 43 13 30 67 78 88 100 57 42 31 56 8 64 12 96 49 17 5 40 63 41 62 38 9 21 89 59 95 
KABUR 79 45
SIMULASI 6 6 32 77 29 84 56 
SUPER 59 74 14
SIMULASI 18 19 16 91 38 25 52 35 95 77 89 75 49 9 56 69 34 72 61 
KABUR 37 56
KABUR 20 6
SUPER 25 55 48
SUPER 48 27 74
SUPER 69 25 12
SUPER 74 50 73
SUPER 92 6 74
SUPER 19 2 73
SIMULASI 47 16 32 5 91 6 68 36 43 92 24 100 10 3 60 9 42 50 88 19 78 1 70 73 17 34 30 62 26 63 46 27 89 98 38 13 33 87 35 8 28 11 39 15 31 80 95 52 
KABUR 52 54
SUPER 79 3 30
SUPER 87 35 25
SIMULASI 43 76 60 88 25 67 37 55 45 33 57 21 61 17 49 99 44 75 42 47 53 70 65 46 14 23 87 10 85 91 72 12 19 41 78 39 13 5 74 63 8 90 48 59 
SUPER 74 36 45
SIMULASI 9 70 56 23 38 22 36 47 10 80 
SIMULASI 83 97 41 31 33 82 27 83 13 58 73 47 23 48 30 44 53 16 45 66 14 43 50 61 37 71 32 91 39 36 70 98 12 90 84 67 21 55 1 79 76 46 26 62 95 34 2 65 15 8 94 64 19 52 35 25 92 9 59 86 99 38 57 3 78 63 89 60 68 4 80 100 72 24 85 10 77 49 40 18 96 20 51 56 
SUPER 70 24 98
KABUR 69 48
SIMULASI 90 48 43 9 42 40 59 77 29 3 20 50 38 28 70 10 96 78 47 8 44 57 72 31 90 49 69 26 46 34 54 33 52 15 41 12 23 93 13 2 94 91 6 27 56 74 30 32 62 92 81 95 67 11 64 4 85 98 36 25 21 63 71 22 24 99 14 83 65 76 80 79 5 88 37 53 58 84 45 82 100 17 68 35 18 7 89 61 51 1 39 
SIMULASI 44 54 27 63 76 87 36 26 75 18 10 57 16 89 21 84 24 96 79 39 78 14 29 74 37 32 31 88 81 49 65 98 86 66 73 34 38 59 43 85 3 90 17 25 64 
KABUR 54 61
SIMULASI 69 56 100 10 91 40 96 77 43 68 93 94 41 53 49 11 15 97 98 44 63 8 32 13 6 4 35 47 58 30 66 65 80 42 26 23 82 62 1 73 76 17 12 67 19 28 59 7 87 5 78 92 60 22 99 21 37 33 51 55 81 38 84 29 75 54 46 69 83 9 
SUPER 52 4 74
SUPER 18 82 26
SIMULASI 46 9 43 32 75 49 44 59 37 72 73 95 87 79 68 65 17 70 100 54 28 96 50 38 77 51 45 39 84 7 76 6 14 5 78 81 56 86 55 13 8 40 83 42 93 24 90 
SIMULASI 83 58 83 45 23 78 92 73 96 26 25 13 57 60 35 89 87 49 12 61 59 28 53 8 21 18 38 44 34 14 50 95 27 56 3 19 66 88 71 100 74 98 48 62 41 39 91 79 16 36 46 20 37 4 97 54 99 80 31 32 10 93 76 29 1 75 67 22 24 7 52 82 85 6 86 69 17 64 33 5 94 43 9 65 
SUPER 27 48 73
SUPER 56 97 73
SUPER 6 58 52
SIMULASI 88 56 85 93 41 88 37 63 21 42 32 55 3 89 52 90 16 74 94 59 11 6 7 76 67 62 18 26 83 2 15 72 49 97 13 98 1 92 20 82 44 40 30 96 61 66 99 10 95 43 4 86 64 47 87 46 8 28 80 68 12 73 17 91 60 48 78 45 27 38 23 29 33 22 57 79 50 51 53 31 81 65 35 19 9 14 69 5 70 
SUPER 94 45 32
SUPER 3 77 12
KABUR 45 7
SUPER 23 47 12
KABUR 22 58
SUPER 54 35 31
SIMULASI 64 40 74 43 47 78 32 21 18 61 50 26 70 44 4 77 31 84 69 45 91 83 87 72 52 80 30 19 62 38 12 66 33 35 48 97 67 17 99 16 28 60 6 23 64 10 57 2 94 20 79 54 90 42 58 89 63 82 86 56 76 7 85 96 71 
KABUR 49 9
KABUR 29 55
KABUR 2 41
KABUR 99 57
SUPER 12 6 42
SIMULASI 22 60 10 97 59 28 63 54 99 90 52 30 98 40 89 32 69 38 95 35 39 11 16 
SUPER 77 45 18
KABUR 5 31
SUPER 56 85 98
KABUR 86 3
SIMULASI 96 58 44 66 67 38 14 30 64 87 60 69 23 4 33 84 3 80 88 78 22 75 79 2 53 95 91 43 49 32 21 19 10 76 61 71 25 50 68 99 83 92 1 12 96 20 82 56 55 27 13 98 17 8 24 94 100 47 77 46 28 15 97 72 5 18 65 93 57 90 31 39 59 36 48 81 6 73 70 7 26 89 85 11 41 63 45 9 54 29 34 52 62 16 40 86 51 
KABUR 5 4
KABUR 11 40
KABUR 57 99
SUPER 30 100 92
KABUR 10 65
SIMULASI 65 3 31 22 11 45 73 28 2 87 74 46 77 97 95 90 50 13 19 55 23 98 85 80 64 48 12 93 92 70 32 67 38 78 29 63 86 4 34 81 51 53 52 14 8 66 37 83 39 1 82 94 20 40 43 96 18 6 65 62 79 36 33 17 91 24 
SIMULASI 100 45 21 79 86 52 88 59 100 8 20 54 32 31 80 19 37 95 10 2 5 51 49 7 89 60 26 77 3 58 13 65 44 57 1 96 25 72 33 9 53 69 17 71 47 50 28 55 18 67 42 99 91 62 73 70 11 68 75 22 23 78 93 97 41 56 12 85 64 43 36 98 92 29 35 39 4 40 63 94 46 84 83 6 61 66 48 90 38 24 81 76 74 15 14 16 82 34 30 87 27 
KABUR 95 34
SUPER 26 61 93
SIMULASI 76 18 69 52 60 54 51 22 70 29 23 34 78 33 56 39 64 58 42 27 2 87 73 38 21 80 63 16 10 94 81 14 4 3 47 49 12 57 62 84 20 1 41 28 35 72 89 7 100 92 44 6 86 13 79 83 36 95 9 31 93 82 37 55 99 66 43 17 97 88 15 5 32 90 45 76 91 
KABUR 37 95
SIMULASI 78 100 15 83 57 35 68 1 44 38 33 69 40 82 28 45 6 43 84 4 42 92 71 88 73 31 95 87 2 94 77 37 46 7 8 70 39 29 50 17 26 23 86 90 41 62 13 16 3 98 22 49 79 66 97 56 27 65 12 48 67 96 80 81 52 20 53 72 61 51 25 10 91 32 55 24 89 18 58 
SUPER 94 13 67
SUPER 98 19 25
KABUR 19 10
SIMULASI 61 16 30 53 20 55 60 2 67 70 100 89 28 36 77 45 66 23 51 72 95 31 98 79 1 44 52 8 38 35 83 90 63 27 96 58 65 81 11 71 54 48 75 47 19 57 50 18 62 61 7 92 80 42 68 74 91 24 14 21 43 69 
KABUR 99 97
SIMULASI 26 32 51 41 50 47 14 27 23 10 82 43 39 29 65 70 44 2 84 52 81 7 97 62 59 1 21 
KABUR 12 81
SIMULASI 23 18 82 35 70 55 84 97 100 21 94 79 59 13 98 85 25 52 46 48 38 29 73 30 
SIMULASI 76 99 98 92 79 33 60 97 4 1 71 46 25 44 34 56 17 100 35 21 88 96 85 77 32 49 86 61 24 63 58 8 81 45 50 70 38 94 27 31 12 29 9 48 87 28 91 52 16 13 68 23 65 30 39 90 78 80 74 6 53 57 11 19 67 3 47 20 51 26 36 76 83 10 72 55 75 
SIMULASI 86 69 4 73 50 30 24 51 74 91 56 22 34 95 42 100 62 81 68 49 2 11 93 54 79 31 23 59 60 10 1 63 67 26 53 88 65 33 6 28 92 82 3 12 20 13 43 9 84 37 36 40 55 85 87 32 45 46 83 25 97 18 58 47 48 39 94 8 16 57 61 71 7 66 86 99 89 75 78 80 90 72 5 21 19 38 14 
SUPER 82 1 43
SUPER 14 73 3
SIMULASI 18 81 91 50 23 26 31 45 66 100 49 4 94 13 75 88 92 43 59 
SUPER 48 19 12
SIMULASI 47 70 83 5 48 47 58 81 9 61 63 22 37 85 45 3 36 80 23 64 73 68 35 95 91 94 53 16 67 20 55 28 96 89 98 34 27 19 97 88 87 93 33 77 56 84 51 18 
SIMULASI 65 79 51 21 11 65 59 61 41 95 39 94 69 76 7 66 31 38 10 35 15 73 28 60 4 3 93 78 18 53 85 64 80 20 55 86 71 14 8 57 82 13 42 92 84 27 17 12 72 36 63 16 97 70 24 75 58 89 34 87 68 98 25 6 62 47 
SIMULASI 92 28 8 67 69 22 44 48 61 33 1 51 26 39 55 7 81 50 17 32 54 64 19 11 85 75 35 53 76 45 88 62 29 92 63 78 66 97 59 14 87 57 41 79 58 98 77 18 47 49 65 96 73 71 74 94 72 6 70 40 100 46 24 80 27 31 20 3 83 15 52 90 5 91 93 34 2 36 13 4 42 99 68 16 82 86 95 25 10 43 89 37 12 
SIMULASI 17 59 16 4 7 32 39 55 79 40 18 13 2 8 99 49 17 58 
KABUR 52 100
SIMULASI 16 70 16 44 59 93 55 61 91 84 1 20 41 53 81 88 33 
SUPER 4 84 1
SIMULASI 50 90 36 41 7 50 27 35 88 86 5 75 30 2 25 67 23 13 74 21 97 9 80 44 73 43 70 83 95 65 19 93 10 39 40 61 55 66 26 92 52 4 89 82 28 18 42 85 31 51 81 
KABUR 41 48
SIMULASI 80 85 79 65 98 11 8 54 58 40 2 48 46 9 20 15 92 27 47 45 59 23 77 24 32 25 73 30 86 3 74 31 37 63 72 61 87 94 66 81 34 52 22 100 93 56 89 14 13 88 5 84 36 69 80 43 55 18 83 60 29 26 70 28 95 64 75 57 19 6 7 68 4 67 38 53 90 78 17 99 33 
SIMULASI 69 45 80 18 22 96 40 41 66 86 91 92 47 17 43 67 52 5 39 23 42 16 72 50 95 65 75 76 4 60 36 68 58 100 27 30 71 88 64 32 69 9 62 98 85 46 49 6 24 59 35 21 8 51 56 12 73 19 70 78 20 13 79 33 7 63 61 74 10 81 
KABUR 29 93
SUPER 99 96 61
KABUR 62 42
KABUR 77 15
KABUR 73 64
SUPER 76 82 29
SUPER 32 17 29
SIMULASI 7 50 24 67 7 88 64 82 
KABUR 58 12
SUPER 85 78 5
SUPER 22 29 61
SUPER 72 25 51
KABUR 89 18
KABUR 15 81
SIMULASI 10 19 28 27 36 7 8 9 45 12 62 
SUPER 21 33 13
KABUR 55 23
SIMULASI 29 30 85 7 68 55 99 19 71 92 38 77 69 66 93 51 1 11 80 23 29 76 15 96 39 52 91 58 87 41 
SIMULASI 98 53 43 63 33 71 66 48 86 44 58 38 22 78 16 49 95 25 32 52 9 41 19 42 1 79 35 8 64 7 40 67 59 50 14 10 96 84 3 82 93 92 36 61 100 81 27 98 12 68 70 24 51 46 76 34 6 37 60 21 74 89 94 80 17 57 83 47 5 30 31 87 97 45 23 75 73 18 20 88 13 54 62 99 55 85 72 2 15 4 11 77 26 56 29 91 28 90 65 
KABUR 67 80
SUPER 32 61 86
SIMULASI 36 37 90 89 61 78 97 98 80 51 20 42 21 87 74 13 39 40 50 34 33 100 46 84 99 15 30 95 24 12 45 26 79 67 16 72 91 
SUPER 71 8 81
SIMULASI 26 18 64 94 67 77 74 35 27 81 96 39 9 73 80 100 61 89 43 98 22 24 4 47 37 10 41 
SIMULASI 19 28 95 78 71 25 87 41 9 56 91 55 21 52 92 39 36 72 77 96 
SUPER 90 79 76
SIMULASI 30 29 71 75 58 23 62 32 1 59 39 90 69 33 40 12 82 51 74 91 70 30 45 20 92 86 77 2 42 67 95 
SUPER 68 8 30
KABUR 75 72
SIMULASI 67 14 73 97 72 92 52 22 76 38 62 94 77 86 40 96 69 64 4 36 6 32 24 84 93 18 81 55 5 75 13 28 99 12 58 2 82 87 30 29 51 78 90 89 25 42 33 63 31 23 100 85 41 60 39 10 21 3 79 46 47 57 19 83 37 26 15 35 
SIMULASI 7 54 67 52 100 88 92 17 
KABUR 74 57
SUPER 34 92 67
SIMULASI 47 58 29 31 14 57 11 34 21 70 100 63 86 52 68 95 3 85 22 81 45 13 76 40 42 36 16 96 83 78 30 46 87 10 1 20 48 49 8 93 5 37 72 91 39 35 94 61 
SUPER 23 1 77
KABUR 54 69
KABUR 21 46
SIMULASI 47 85 42 96 26 64 78 29 10 48 77 97 88 50 23 18 58 32 98 54 33 52 21 17 99 68 62 11 73 46 30 66 12 65 92 82 63 9 27 75 8 20 67 79 60 89 90 59 
SUPER 82 9 4
SIMULASI 38 68 42 39 86 5 70 20 69 78 23 43 61 19 71 26 12 38 94 76 83 80 44 65 97 2 1 49 60 22 14 81 16 37 25 72 85 98 30 
SIMULASI 11 2 99 15 9 3 41 19 84 90 40 61 
KABUR 15 41
SIMULASI 14 54 64 42 53 35 57 22 61 58 25 56 98 77 51 
KABUR 39 48
SIMULASI 84 32 33 55 3 31 59 38 6 58 70 18 68 98 44 1 78 47 92 65 36 16 14 48 51 56 60 9 23 52 85 22 73 34 61 89 13 45 54 75 80 2 20 57 94 29 12 49 88 42 7 82 37 5 71 21 41 50 53 39 74 93 95 25 87 17 27 19 8 84 11 69 35 30 90 67 77 96 72 28 62 99 40 26 66 
SIMULASI 52 79 31 55 94 3 50 80 45 9 38 15 95 7 56 36 6 42 71 17 93 88 57 53 13 59 98 65 76 32 10 83 1 8 2 49 86 26 60 18 34 81 64 77 58 11 62 99 39 51 63 5 23 
SIMULASI 10 69 89 38 1 83 26 39 18 64 23 
KABUR 64 48
SIMULASI 54 3 86 46 6 22 37 64 19 43 70 13 80 40 16 44 23 35 69 65 42 60 14 74 79 95 8 47 99 12 75 87 55 78 26 5 25 27 17 73 89 85 76 11 31 81 1 53 29 56 41 57 68 84 18 
SUPER 33 5 10
SUPER 54 2 27
SUPER 82 42 75
KABUR 99 24
KABUR 3 87
SIMULASI 28 84 4 6 45 58 94 34 70 47 23 85 14 3 68 24 7 41 69 8 21 65 87 100 5 22 67 43 27 
KABUR 60 62
SIMULASI 82 85 32 15 94 12 77 23 86 83 88 2 17 30 84 14 76 73 48 67 55 37 87 24 68 20 22 47 43 40 95 6 16 19 33 81 96 35 100 11 61 13 7 18 21 59 26 69 71 36 98 49 31 56 74 66 27 28 62 44 53 57 64 79 50 1 38 60 92 9 41 3 99 51 80 97 63 8 29 82 4 52 91 
SIMULASI 48 3 10 89 35 80 23 64 32 4 44 2 93 69 5 43 96 68 74 65 9 42 40 100 81 91 47 27 18 50 86 76 46 98 60 45 6 49 84 15 58 71 13 62 25 70 48 1 36 
KABUR 32 28
KABUR 4 48
KABUR 49 97
SIMULASI 37 98 59 32 76 95 67 50 26 64 65 17 62 63 88 77 82 87 28 93 13 4 12 8 69 66 31 85 92 46 53 27 58 3 39 52 40 29 
SIMULASI 76 45 88 3 70 79 82 46 78 48 21 1 98 89 62 85 72 71 16 53 93 31 8 27 47 9 32 38 99 44 95 34 67 23 51 33 10 97 92 24 68 42 25 50 49 65 15 19 18 83 22 74 56 39 41 5 91 12 80 57 58 77 4 90 86 64 7 66 69 40 94 59 96 60 28 11 30 
KABUR 4 20
KABUR 56 11
KABUR 27 14
SIMULASI 67 100 63 91 12 21 72 71 59 30 83 56 18 54 28 27 52 93 13 61 43 25 88 80 10 19 5 17 75 31 47 50 97 20 99 46 51 40 78 79 7 68 49 84 96 69 77 65 87 57 35 98 92 16 55 53 32 37 39 24 14 90 15 34 70 58 64 76 
SUPER 30 87 81
SIMULASI 79 30 65 45 23 88 83 72 81 97 16 92 69 60 48 98 62 3 55 56 61 28 36 17 29 64 10 25 70 34 76 90 19 47 11 95 94 21 9 73 1 2 52 41 66 63 15 85 89 77 4 75 91 31 33 51 53 49 99 46 57 74 37 32 27 42 44 96 86 50 100 87 43 67 6 13 7 38 12 14 
KABUR 62 47
SIMULASI 6 75 65 90 78 35 55 
KABUR 49 98
KABUR 80 29
SIMULASI 59 38 42 85 44 98 66 69 33 94 81 62 73 11 28 50 64 47 39 61 87 84 75 52 41 17 5 16 31 24 22 3 32 10 60 6 72 67 2 74 9 13 57 70 82 30 20 21 97 95 86 49 92 43 56 26 51 8 55 100 
SIMULASI 33 3 64 59 22 31 32 26 92 91 70 85 73 42 75 10 86 68 83 98 35 13 76 87 29 5 84 6 45 14 61 94 65 15 
KABUR 90 83
KABUR 64 84
SIMULASI 79 62 15 5 99 76 6 79 90 23 54 66 49 32 93 3 18 2 91 82 8 28 70 36 44 87 4 74 100 65 51 10 37 94 43 41 7 38 73 20 30 27 50 13 67 12 39 89 88 14 31 81 98 48 46 35 21 56 19 95 64 45 78 77 84 16 83 86 25 24 47 68 52 59 42 61 17 57 75 40 
SUPER 83 64 12
SIMULASI 2 11 95 
SIMULASI 100 77 38 21 17 89 54 83 46 7 52 75 88 70 82 26 71 98 65 41 84 3 4 1 87 37 30 69 12 99 90 81 15 32 59 18 13 20 56 5 95 50 28 97 51 33 6 22 85 31 61 63 23 62 66 45 16 72 48 80 43 79 60 73 96 36 14 94 44 35 100 64 42 74 78 2 53 92 19 86 93 29 8 49 24 10 58 39 25 11 40 57 91 67 68 9 76 55 47 34 27 
SUPER 16 32 33
KABUR 15 10
SUPER 60 94 69
KABUR 38 5
SIMULASI 48 64 84 45 17 76 71 78 6 16 1 53 5 82 65 93 25 30 88 96 26 3 62 11 43 12 39 63 50 87 49 69 40 68 59 97 4 51 92 91 19 23 70 31 47 95 74 21 34 
SIMULASI 89 34 24 92 52 45 49 4 57 25 28 44 46 81 80 64 37 47 71 74 56 79 30 20 41 68 72 18 54 95 2 69 1 97 62 66 51 88 96 17 58 77 21 75 70 90 29 19 100 60 99 12 35 84 61 48 22 26 86 32 93 82 31 3 65 59 10 39 11 38 78 14 6 53 43 16 89 27 91 73 15 36 87 7 9 23 13 55 50 33 
SIMULASI 49 58 13 5 33 82 15 72 56 93 79 21 17 52 71 18 80 1 100 35 44 66 90 49 60 4 2 51 16 34 74 25 95 81 45 36 57 48 64 83 59 12 28 20 85 97 7 54 47 27 
SIMULASI 19 10 6 25 87 62 8 90 44 1 70 77 37 57 2 24 5 48 3 75 
SUPER 30 6 23
SUPER 25 23 96
SIMULASI 29 61 59 52 2 4 80 83 12 51 55 44 75 87 91 99 65 5 42 10 9 15 97 73 41 38 88 14 33 93 
KABUR 7 11
SIMULASI 33 66 42 94 44 79 16 54 29 87 68 34 88 33 50 99 36 31 75 24 92 1 18 97 58 51 80 13 60 3 89 59 38 96 
SUPER 70 18 82
KABUR 45 60
KABUR 55 33
KABUR 72 41
SUPER 53 70 62
SIMULASI 95 20 48 11 41 87 94 43 29 70 54 59 63 67 86 84 40 37 56 93 34 77 55 45 49 14 38 3 64 81 39 13 76 71 33 51 66 6 35 44 91 46 74 24 42 26 12 25 10 83 30 100 79 69 53 68 73 28 78 61 36 92 98 85 58 5 96 60 31 8 32 9 18 23 75 57 99 89 52 50 15 1 4 27 19 82 7 22 47 21 2 62 16 97 90 72 
KABUR 68 95
KABUR 9 98
SUPER 80 95 75
SUPER 1 30 57
SIMULASI 80 30 64 74 1 17 56 58 2 18 34 51 39 91 50 75 8 3 21 81 66 78 12 41 82 61 83 5 94 85 19 96 7 86 13 11 89 53 93 33 60 73 48 20 31 90 92 32 57 23 43 27 37 84 54 36 87 46 28 59 45 62 80 4 26 95 63 98 69 16 29 65 76 49 25 99 14 22 79 97 70 
KABUR 22 58
KABUR 54 38
SUPER 96 86 49
SUPER 72 16 78
KABUR 4 74
KABUR 63 68
SUPER 29 98 65
SUPER 83 60 28
KABUR 9 86
SIMULASI 21 6 63 82 9 19 55 24 89 15 48 98 20 41 46 25 37 13 62 16 74 47 
SUPER 96 62 77
SUPER 54 16 32
SUPER 54 15 44
SUPER 14 75 47
SUPER 100 72 40
KABUR 68 41
SIMULASI 98 28 63 78 44 40 82 85 60 1 90 41 96 91 69 42 30 45 73 94 43 46 32 54 6 31 72 5 36 35 38 99 8 56 7 20 58 98 80 48 22 92 33 59 75 68 15 84 97 26 88 70 39 65 64 4 24 66 12 62 81 17 100 27 71 2 16 13 3 57 83 79 9 67 18 89 76 11 47 49 14 95 52 29 25 53 21 19 51 34 74 10 61 50 93 77 37 86 87 
SIMULASI 93 44 37 12 11 15 88 22 98 33 19 13 20 91 72 53 31 75 48 2 70 7 45 60 8 4 57 64 51 95 68 74 10 38 93 24 28 46 25 35 39 27 49 29 85 82 17 90 78 94 66 54 63 5 77 40 36 14 76 97 73 9 34 100 18 30 71 89 55 32 59 3 96 42 26 43 81 21 52 50 16 47 6 83 56 87 58 86 41 67 69 80 79 61 
KABUR 9 18
SIMULASI 75 32 69 35 52 44 18 94 82 8 38 24 100 60 76 98 97 4 67 53 20 86 3 37 39 48 73 91 9 64 83 27 78 55 89 56 50 29 26 85 31 42 95 96 71 7 66 12 72 30 46 10 92 68 41 57 23 88 62 63 25 40 11 54 99 93 17 70 84 49 51 58 77 81 15 74 
SUPER 84 63 14
KABUR 88 55
SUPER 70 67 7
SIMULASI 80 43 48 73 32 75 17 31 7 52 40 69 14 22 11 37 45 93 57 92 98 85 23 49 6 41 10 29 58 65 19 3 79 90 28 18 30 35 44 77 64 8 27 70 24 74 53 51 83 84 26 66 97 94 95 39 86 67 59 62 61 21 2 33 72 60 80 82 46 9 4 78 12 87 76 91 99 42 1 47 96 
SUPER 30 55 18
SUPER 10 15 19
SIMULASI 91 52 74 53 38 70 95 54 33 29 99 25 71 27 12 97 47 93 60 35 21 56 87 19 55 10 16 64 83 80 7 59 91 58 14 17 11 73 66 44 98 96 31 32 42 65 9 30 75 8 90 23 1 51 100 3 36 43 13 72 89 22 40 77 81 76 84 85 86 92 45 46 62 94 69 28 63 26 78 50 24 15 39 48 68 41 57 5 6 20 88 37 
SIMULASI 52 72 60 85 84 10 19 78 93 97 15 27 57 29 77 74 3 4 47 52 22 80 31 5 39 14 73 69 34 46 66 25 81 20 37 51 35 54 32 83 16 88 90 71 92 2 40 9 1 18 12 65 50 
SUPER 14 5 81
SIMULASI 71 25 79 39 55 72 99 12 80 59 16 26 3 81 21 32 50 94 88 47 91 44 23 63 67 97 95 18 96 35 92 45 87 68 48 56 86 46 82 27 100 36 74 24 14 2 58 51 42 71 20 65 89 9 77 22 29 52 37 38 66 31 54 84 15 40 4 28 83 64 17 62 
SIMULASI 67 48 1 14 60 76 45 79 57 51 32 22 39 53 88 66 74 77 50 18 21 55 86 12 69 71 52 56 94 72 34 5 38 26 84 85 40 89 98 35 2 87 31 82 49 75 20 8 99 10 97 58 30 70 41 16 73 93 78 33 36 19 6 29 13 4 25 28 
SUPER 34 86 91
SUPER 94 68 32
SUPER 12 8 3
SIMULASI 91 52 70 65 22 37 64 75 40 51 58 94 20 68 10 38 86 27 14 11 26 90 63 1 92 80 46 57 50 13 29 74 45 6 77 61 98 19 59 4 32 96 47 69 54 28 84 97 71 72 56 12 79 15 53 49 41 62 24 30 83 44 23 36 73 76 8 60 16 39 81 85 100 18 5 95 91 55 82 17 34 66 25 88 7 87 2 9 42 31 99 67 
SUPER 77 1 55
KABUR 84 29
KABUR 22 53
KABUR 35 75
KABUR 10 34
KABUR 19 88
SUPER 62 12 60
SUPER 64 61 68
SUPER 65 1 27
SUPER 18 60 32
SUPER 18 3 92
SUPER 63 21 26
SUPER 1 88 54
KABUR 65 28
SIMULASI 72 30 90 93 96 29 81 50 18 58 13 49 83 21 88 95 20 1 78 9 27 8 71 42 75 84 82 60 72 74 97 73 94 41 52 68 47 23 77 45 22 89 98 76 19 6 17 35 33 70 59 14 40 5 16 63 99 48 54 92 53 24 25 10 2 64 91 69 66 32 100 56 26 
SIMULASI 95 24 47 62 71 76 78 60 39 100 45 98 83 54 29 94 64 61 91 88 6 50 2 55 35 80 19 7 5 18 20 32 25 84 46 36 79 15 96 48 21 14 40 95 59 49 70 67 12 41 37 93 1 56 53 72 16 69 74 34 33 82 66 99 63 65 43 13 23 77 85 81 52 26 75 8 11 92 57 22 10 28 87 44 4 30 27 51 38 90 42 9 97 3 58 17 
SUPER 14 93 49
SIMULASI 41 33 42 12 15 98 69 51 57 64 80 67 46 23 8 94 52 55 45 19 7 17 40 22 4 75 95 32 16 84 97 65 10 81 43 88 93 31 36 83 100 89 
SIMULASI 16 92 78 28 69 20 83 50 47 11 58 29 17 51 22 86 42 
SIMULASI 40 27 74 23 50 14 62 46 2 32 100 22 99 85 81 1 11 40 37 64 9 8 33 48 35 72 25 5 70 49 77 86 55 44 71 78 95 51 84 76 4 
KABUR 47 37
SUPER 34 80 68
SIMULASI 20 48 90 34 51 40 70 83 87 12 18 98 62 26 27 47 24 11 13 22 54 
SIMULASI 68 98 2 23 62 9 79 44 80 85 35 30 46 16 20 6 65 64 78 40 45 28 84 81 60 10 19 11 29 94 89 49 18 33 97 15 70 51 63 61 5 69 56 27 68 75 17 38 14 43 82 100 42 36 58 93 34 95 39 91 59 31 1 50 55 73 41 53 24 
SUPER 82 10 55
KABUR 78 91
KABUR 66 78
SIMULASI 20 47 58 36 66 38 41 35 80 12 64 93 18 6 17 7 11 4 96 81 95 
SUPER 98 99 57
SIMULASI 69 21 42 26 22 54 100 67 74 3 89 39 77 24 85 93 68 64 30 57 66 40 87 98 96 25 69 12 4 97 34 29 55 73 91 16 99 90 52 92 38 37 59 28 58 9 79 61 62 17 60 86 48 83 63 31 80 72 53 70 35 65 11 1 19 88 56 50 36 76 
SIMULASI 28 95 67 78 20 46 64 68 76 9 19 81 82 22 23 17 25 66 96 61 87 44 10 54 27 41 40 59 94 
SUPER 19 96 58
SUPER 28 26 13
SUPER 38 72 4
SUPER 28 72 36
KABUR 75 93
SUPER 71 91 30
SIMULASI 53 58 37 51 15 18 8 82 60 57 5 78 4 61 68 28 6 16 93 35 39 40 23 17 41 94 12 84 44 50 92 55 96 2 99 52 71 27 85 56 91 62 73 30 26 86 70 3 1 22 9 83 76 20 
SIMULASI 24 20 9 3 42 73 27 4 49 24 92 61 50 28 74 2 57 51 59 84 14 15 72 78 85 
SIMULASI 54 99 9 66 79 48 36 43 100 85 13 10 57 74 49 21 37 39 60 84 97 34 31 72 12 80 86 67 35 51 23 75 96 88 46 15 47 59 63 45 64 29 78 11 89 20 50 19 90 16 65 77 6 83 28 
SUPER 98 6 21
SUPER 3 62 18
SUPER 60 52 97
SUPER 2 61 82
SUPER 13 15 65
KABUR 14 72
SIMULASI 9 54 45 66 67 40 92 93 27 10 
KABUR 58 50
KABUR 79 66
SIMULASI 34 34 58 2 31 5 51 91 15 43 62 48 71 59 33 53 42 26 37 78 7 44 68 80 84 79 60 99 30 74 76 93 46 65 20 
SUPER 31 58 69
SUPER 47 78 38
SIMULASI 31 71 69 46 8 85 92 37 82 40 78 21 58 23 42 4 55 76 38 32 79 65 18 97 26 67 54 73 16 36 11 93 
SIMULASI 86 96 88 78 32 75 12 13 74 80 42 40 37 39 59 61 3 81 90 36 31 34 7 29 95 46 55 22 23 86 82 53 66 30 21 84 33 64 8 63 56 83 85 1 25 89 51 9 26 99 91 79 48 98 20 76 5 77 93 92 62 2 97 69 72 27 54 19 45 47 35 11 70 43 18 38 14 87 57 100 24 71 67 73 28 94 50 
SIMULASI 94 41 39 44 63 10 99 16 34 81 46 80 62 83 17 11 42 94 27 75 25 18 32 49 52 77 3 51 43 71 33 92 57 54 55 50 68 84 56 47 79 23 5 24 8 40 12 19 96 78 2 29 72 37 22 90 100 93 9 69 53 64 85 76 36 31 28 38 98 4 15 73 35 67 26 58 14 88 61 86 1 7 6 74 65 60 20 48 21 59 66 70 30 82 95 
KABUR 44 100
SIMULASI 70 66 99 33 21 79 16 10 72 2 68 52 46 53 34 86 6 85 61 65 44 90 12 81 28 40 42 24 29 1 69 100 19 75 36 94 17 87 22 55 70 47 39 3 45 56 91 58 11 7 25 50 60 83 31 8 54 37 15 5 14 35 32 84 64 95 62 63 49 9 71 
SIMULASI 32 71 41 34 36 9 80 54 72 85 82 53 57 76 93 19 58 10 29 100 15 70 87 45 96 64 73 63 7 81 12 13 26 
SUPER 78 62 17
KABUR 55 72
KABUR 79 91
SUPER 30 99 20
SIMULASI 89 95 85 72 61 64 5 56 22 87 70 8 6 78 58 65 52 60 99 73 21 20 24 51 42 91 11 82 39 40 50 29 25 59 41 7 36 37 45 17 48 62 15 69 23 67 98 54 84 80 31 63 76 90 9 30 68 44 10 81 18 97 14 16 4 89 49 32 33 53 47 88 79 71 94 38 100 74 92 46 26 66 28 86 12 19 3 83 43 55 
SIMULASI 22 8 97 63 98 14 74 52 57 42 94 59 30 56 43 22 27 93 66 18 13 84 100 
KABUR 83 24
SIMULASI 18 29 61 100 27 70 80 72 36 57 85 40 17 83 21 67 78 76 10 
SUPER 55 98 72
SIMULASI 60 76 16 88 21 8 47 70 48 35 84 9 17 7 50 28 78 49 41 23 86 96 13 72 38 92 18 57 42 80 60 73 58 43 39 15 45 3 75 67 95 27 44 85 36 30 2 6 99 40 26 12 29 89 55 81 33 56 82 22 64 
SUPER 70 13 52
SIMULASI 20 78 50 11 49 20 46 44 76 58 67 12 96 84 54 75 42 32 94 2 53 
SUPER 66 96 36
SUPER 94 82 91
KABUR 37 28
KABUR 99 62
SUPER 13 50 12
KABUR 42 36
SIMULASI 52 56 23 73 24 4 87 2 42 88 28 7 44 15 45 63 36 66 95 60 84 26 51 76 40 20 27 67 80 99 3 58 100 81 8 79 43 10 57 49 94 17 72 5 30 70 9 54 48 25 97 71 55 
SIMULASI 15 56 8 25 19 72 33 28 100 92 14 42 91 60 13 66 
SIMULASI 45 8 37 31 39 49 60 19 63 65 75 64 74 87 94 80 83 6 7 47 44 25 45 86 5 69 21 58 28 98 99 92 93 70 71 41 96 2 27 78 20 51 85 46 16 61 
KABUR 85 33
KABUR 73 74
SUPER 34 88 98
SUPER 43 24 45
SUPER 71 6 82
SUPER 65 62 74
KABUR 4 52
SIMULASI 83 7 6 16 45 100 10 65 34 1 4 80 50 40 79 89 26 98 43 67 9 57 27 87 97 17 20 75 23 22 29 62 48 41 86 54 15 21 12 91 8 46 36 25 52 81 33 5 18 37 84 63 73 92 49 3 59 74 2 38 71 53 68 82 14 35 78 99 85 58 88 24 61 11 28 30 70 32 96 66 72 44 76 95 
SIMULASI 41 51 8 72 66 25 35 88 94 98 55 93 83 99 59 18 90 39 76 71 3 15 22 21 17 11 41 6 86 69 97 10 40 56 45 63 44 78 47 87 79 14 
SIMULASI 22 92 13 55 25 51 67 76 86 64 68 95 44 100 35 23 61 66 38 15 89 26 90 
KABUR 56 80
SUPER 37 74 49
SIMULASI 38 69 6 59 32 81 79 88 74 95 4 14 46 33 83 99 47 75 68 19 73 25 26 97 87 9 20 31 43 24 17 3 100 5 70 50 48 94 53 
SUPER 65 38 84
SUPER 37 34 73
SUPER 61 49 38
SUPER 65 14 52
