1000 2000
2 1 8 10
3 1 9 8
4 2 1 4
5 1 4 5
6 3 6 3
7 1 6 8
8 5 3 5
9 6 1 6
10 8 9 9
11 4 1 4
12 6 1 5
13 3 4 3
14 8 10 1
15 5 2 6
16 15 10 2
17 16 9 8
18 6 2 10
19 9 9 7
20 6 10 5
21 16 7 2
22 12 1 9
23 19 6 2
24 10 6 3
25 2 10 1
26 13 10 8
27 26 5 9
28 25 9 2
29 2 9 2
30 14 10 5
31 7 6 10
32 3 10 3
33 32 10 5
34 12 9 5
35 22 7 5
36 6 3 7
37 1 7 7
38 13 9 1
39 13 3 4
40 33 4 7
41 3 7 3
42 10 8 3
43 42 4 4
44 4 8 10
45 25 7 3
46 37 3 6
47 11 2 4
48 32 8 2
49 8 4 5
50 42 4 5
51 15 4 4
52 21 3 6
53 2 10 7
54 31 5 7
55 51 10 7
56 46 6 3
57 42 9 4
58 42 7 10
59 51 1 2
60 11 7 1
61 34 2 9
62 10 3 8
63 35 2 8
64 11 3 1
65 2 5 10
66 17 6 4
67 60 10 10
68 1 9 1
69 18 2 9
70 11 5 3
71 29 1 6
72 70 4 3
73 53 10 3
74 11 4 2
75 29 4 1
76 21 10 4
77 7 8 10
78 48 2 8
79 33 7 6
80 28 7 8
81 53 10 5
82 45 5 1
83 18 6 10
84 15 3 3
85 73 6 8
86 36 10 8
87 53 3 2
88 6 9 3
89 22 9 2
90 6 5 2
91 25 6 1
92 19 10 7
93 2 9 2
94 91 3 4
95 65 8 6
96 11 2 9
97 74 2 9
98 51 9 8
99 1 2 2
100 93 1 6
101 84 3 3
102 16 8 7
103 19 4 10
104 72 1 5
105 76 5 2
106 94 7 6
107 40 4 9
108 70 1 9
109 17 6 1
110 21 5 9
111 9 3 9
112 51 7 6
113 39 8 6
114 104 3 2
115 9 1 8
116 84 5 3
117 13 9 10
118 40 2 4
119 53 6 7
120 86 4 3
121 62 5 8
122 52 7 7
123 84 6 8
124 108 8 4
125 111 9 3
126 115 2 6
127 126 10 8
128 88 4 5
129 117 9 10
130 37 1 4
131 16 10 2
132 104 9 6
133 25 1 2
134 32 4 4
135 76 7 7
136 108 5 1
137 126 10 5
138 31 10 7
139 65 8 10
140 123 10 1
141 103 2 1
142 28 2 3
143 10 9 2
144 131 10 4
145 92 1 8
146 27 10 8
147 110 1 9
148 73 2 7
149 20 3 8
150 11 7 9
151 90 7 9
152 129 1 7
153 35 10 8
154 72 9 4
155 60 9 2
156 154 10 8
157 107 7 2
158 108 2 6
159 66 10 4
160 13 6 2
161 37 5 8
162 151 6 6
163 161 9 2
164 11 8 8
165 143 7 5
166 78 10 5
167 118 1 10
168 136 2 8
169 165 6 6
170 17 2 8
171 130 2 8
172 16 7 8
173 154 4 7
174 64 6 5
175 31 10 6
176 75 9 3
177 22 6 5
178 36 1 2
179 139 4 4
180 16 10 9
181 20 9 10
182 157 10 4
183 43 9 1
184 121 3 2
185 100 10 2
186 115 6 1
187 107 7 3
188 17 4 5
189 80 7 10
190 189 7 4
191 173 1 4
192 47 2 1
193 185 8 2
194 38 4 10
195 141 6 4
196 113 8 7
197 73 5 8
198 24 10 7
199 197 6 7
200 11 10 3
201 48 2 10
202 37 9 7
203 200 3 3
204 38 10 2
205 177 2 6
206 163 10 1
207 156 10 1
208 102 2 2
209 4 10 8
210 5 4 1
211 143 6 4
212 203 2 4
213 108 2 4
214 142 4 4
215 162 3 3
216 184 9 7
217 161 2 7
218 173 3 1
219 81 4 3
220 44 5 3
221 45 3 10
222 130 4 2
223 103 3 7
224 161 6 4
225 177 10 8
226 2 1 4
227 23 6 6
228 15 10 1
229 227 2 4
230 193 7 2
231 215 2 10
232 107 9 10
233 151 10 3
234 58 1 1
235 96 2 8
236 112 4 5
237 92 7 3
238 153 6 10
239 191 1 5
240 159 1 1
241 86 2 10
242 226 9 9
243 153 2 1
244 209 2 1
245 9 2 1
246 85 4 5
247 26 9 3
248 172 9 7
249 210 6 6
250 228 8 6
251 19 9 3
252 169 7 10
253 35 4 10
254 75 5 1
255 200 10 10
256 76 9 5
257 13 9 7
258 136 1 5
259 33 6 9
260 168 5 10
261 233 3 10
262 60 8 4
263 26 4 3
264 172 2 5
265 10 10 6
266 154 3 5
267 202 1 3
268 263 8 8
269 144 9 3
270 204 4 1
271 163 1 7
272 237 1 7
273 173 3 7
274 213 1 6
275 113 2 3
276 161 8 4
277 121 7 6
278 24 10 1
279 87 9 6
280 258 5 2
281 160 10 3
282 58 7 6
283 15 4 4
284 189 4 1
285 116 3 5
286 172 3 6
287 78 10 5
288 92 7 5
289 14 1 9
290 216 10 4
291 25 9 2
292 35 4 9
293 232 10 8
294 245 1 10
295 214 5 1
296 261 8 1
297 250 4 6
298 80 2 1
299 150 9 3
300 149 4 3
301 252 8 6
302 228 3 6
303 63 8 7
304 101 3 4
305 40 9 5
306 225 3 5
307 267 9 5
308 217 9 1
309 246 4 5
310 220 6 9
311 215 5 9
312 278 7 4
313 154 3 8
314 79 10 4
315 268 4 6
316 38 2 1
317 62 8 5
318 21 7 1
319 164 9 4
320 276 2 10
321 179 8 10
322 195 5 5
323 256 9 9
324 33 4 9
325 163 5 2
326 272 2 6
327 272 7 5
328 133 9 9
329 158 7 6
330 290 4 9
331 71 4 3
332 39 8 2
333 288 8 8
334 96 6 3
335 325 10 6
336 292 5 4
337 263 2 3
338 61 1 3
339 306 9 2
340 226 6 9
341 231 6 8
342 36 10 2
343 31 2 10
344 248 8 6
345 272 10 6
346 198 6 5
347 220 2 1
348 23 5 8
349 288 7 4
350 34 3 7
351 112 9 2
352 315 10 7
353 28 3 2
354 315 2 1
355 249 10 7
356 172 6 6
357 334 10 10
358 270 4 3
359 27 8 1
360 134 5 1
361 334 10 7
362 50 7 8
363 358 4 9
364 27 7 2
365 100 9 10
366 157 1 7
367 301 4 3
368 316 3 7
369 282 5 2
370 305 5 6
371 173 6 10
372 187 7 6
373 292 9 8
374 353 7 3
375 84 9 3
376 370 7 4
377 290 3 8
378 284 6 9
379 317 4 3
380 124 3 2
381 275 7 9
382 298 5 8
383 279 3 6
384 136 5 1
385 105 4 3
386 139 8 7
387 140 5 6
388 153 5 8
389 110 8 5
390 30 10 7
391 211 1 2
392 55 7 8
393 19 3 10
394 248 4 8
395 81 8 3
396 200 10 6
397 376 9 8
398 389 8 7
399 330 4 4
400 95 10 5
401 290 1 2
402 287 8 4
403 126 7 7
404 309 9 4
405 106 9 10
406 214 4 5
407 337 6 1
408 305 10 3
409 289 2 6
410 155 2 4
411 91 6 2
412 292 1 8
413 361 1 9
414 182 5 10
415 192 6 10
416 207 5 2
417 411 1 7
418 326 6 5
419 245 1 10
420 359 1 2
421 229 10 4
422 131 6 2
423 162 7 5
424 173 10 4
425 315 3 3
426 35 8 3
427 140 9 4
428 128 9 2
429 397 5 9
430 93 10 5
431 45 8 9
432 393 1 10
433 93 8 1
434 59 7 8
435 194 5 2
436 248 4 9
437 412 9 2
438 103 5 9
439 326 8 7
440 163 2 2
441 259 10 6
442 212 9 4
443 434 6 4
444 150 3 6
445 396 7 6
446 192 8 7
447 77 6 9
448 347 5 10
449 369 7 1
450 227 6 9
451 66 2 1
452 163 10 7
453 321 8 5
454 81 8 8
455 425 4 10
456 79 8 7
457 208 7 1
458 256 7 7
459 54 7 10
460 457 8 7
461 130 1 2
462 339 10 1
463 254 9 7
464 438 4 5
465 381 4 10
466 172 8 5
467 269 9 6
468 123 8 5
469 138 2 2
470 18 1 6
471 125 2 1
472 318 3 7
473 123 10 1
474 465 1 1
475 200 7 2
476 413 6 1
477 215 6 6
478 174 7 7
479 20 3 1
480 315 1 6
481 427 5 3
482 341 10 3
483 184 6 5
484 284 3 1
485 205 1 9
486 25 9 7
487 480 2 3
488 376 9 6
489 298 7 7
490 288 1 4
491 166 8 7
492 374 10 7
493 459 8 5
494 168 6 8
495 48 4 3
496 350 1 8
497 82 8 3
498 468 10 7
499 443 7 1
500 442 7 10
501 60 4 3
502 123 10 2
503 382 6 9
504 220 5 10
505 30 10 4
506 352 8 5
507 384 8 2
508 134 4 10
509 451 4 9
510 311 4 8
511 209 10 8
512 393 8 1
513 9 7 7
514 391 5 4
515 422 4 4
516 96 6 2
517 366 8 7
518 341 6 9
519 272 2 1
520 449 6 2
521 303 3 9
522 25 7 6
523 102 5 5
524 439 6 2
525 441 9 10
526 209 4 3
527 385 3 1
528 6 1 8
529 378 10 3
530 424 3 10
531 145 3 9
532 412 9 9
533 71 5 8
534 419 2 8
535 180 10 8
536 451 6 2
537 93 2 9
538 503 10 3
539 36 6 4
540 411 3 1
541 18 7 5
542 310 8 3
543 207 1 6
544 475 7 8
545 492 10 8
546 379 3 7
547 315 3 9
548 489 10 10
549 390 5 7
550 466 9 3
551 526 7 8
552 431 10 5
553 33 2 3
554 39 6 10
555 84 3 10
556 384 10 2
557 323 2 6
558 525 7 2
559 79 5 1
560 367 9 9
561 295 7 7
562 558 9 5
563 552 3 3
564 500 4 10
565 169 10 1
566 130 10 8
567 114 6 1
568 287 4 9
569 81 1 10
570 514 9 9
571 16 5 7
572 214 9 2
573 310 2 6
574 487 6 2
575 345 3 7
576 161 6 8
577 499 8 5
578 448 1 10
579 529 3 2
580 137 4 5
581 219 10 5
582 113 2 3
583 438 9 2
584 250 7 3
585 527 8 6
586 433 4 9
587 319 2 4
588 185 8 9
589 97 7 7
590 20 8 3
591 301 2 4
592 39 5 5
593 200 8 5
594 8 1 1
595 323 8 6
596 109 1 6
597 581 6 2
598 310 7 10
599 38 3 4
600 133 3 7
601 81 2 10
602 442 9 7
603 19 3 10
604 540 4 8
605 418 2 5
606 228 4 5
607 111 5 1
608 594 3 6
609 190 7 4
610 12 6 8
611 436 2 8
612 136 6 9
613 513 3 3
614 226 10 2
615 428 8 7
616 546 9 8
617 105 9 10
618 446 9 9
619 4 6 2
620 364 1 1
621 167 1 1
622 163 1 9
623 234 4 6
624 349 8 6
625 237 9 7
626 541 4 4
627 359 1 10
628 598 6 5
629 488 3 8
630 366 2 9
631 549 2 6
632 378 2 10
633 254 1 4
634 89 7 6
635 80 7 7
636 28 4 8
637 243 10 10
638 1 6 5
639 498 3 9
640 389 5 9
641 366 6 8
642 354 7 4
643 569 7 7
644 350 10 10
645 566 5 4
646 612 9 5
647 553 5 5
648 183 5 8
649 184 5 3
650 206 10 4
651 265 7 4
652 575 4 5
653 189 7 6
654 398 3 7
655 42 10 2
656 342 6 4
657 199 2 6
658 464 3 4
659 357 8 7
660 100 3 10
661 375 5 8
662 242 3 2
663 297 7 9
664 197 5 10
665 566 2 4
666 570 3 9
667 369 1 6
668 378 2 4
669 179 9 5
670 640 9 1
671 165 1 5
672 222 6 5
673 1 8 1
674 226 1 8
675 202 4 3
676 584 7 3
677 128 9 9
678 452 5 6
679 126 5 8
680 328 6 1
681 618 10 3
682 476 2 3
683 224 1 5
684 562 9 9
685 296 9 10
686 54 6 3
687 213 3 7
688 174 7 5
689 453 4 9
690 64 9 2
691 168 6 6
692 144 9 4
693 599 3 2
694 109 6 7
695 326 1 1
696 687 3 3
697 123 4 1
698 681 2 10
699 643 10 2
700 149 2 8
701 188 6 5
702 221 1 5
703 572 8 3
704 395 6 8
705 569 10 3
706 156 9 4
707 534 8 2
708 668 10 5
709 370 1 4
710 566 2 1
711 23 8 1
712 377 10 2
713 137 2 6
714 673 1 6
715 592 10 2
716 515 6 3
717 559 9 3
718 601 4 5
719 362 8 6
720 668 8 2
721 55 4 10
722 15 9 5
723 6 3 9
724 223 5 4
725 651 3 10
726 136 7 4
727 691 1 9
728 236 4 10
729 372 6 3
730 654 6 8
731 527 10 8
732 463 3 9
733 293 6 9
734 212 6 2
735 229 6 2
736 56 7 7
737 661 4 10
738 594 10 4
739 122 10 8
740 288 3 2
741 736 4 4
742 227 2 1
743 580 8 10
744 673 7 7
745 484 8 6
746 633 1 8
747 186 4 5
748 328 10 2
749 34 3 2
750 70 2 10
751 36 8 2
752 358 6 1
753 365 2 7
754 518 2 7
755 60 5 1
756 689 1 1
757 96 8 1
758 684 1 2
759 177 1 10
760 629 6 5
761 610 8 8
762 413 3 3
763 225 4 10
764 455 4 2
765 323 7 3
766 279 6 9
767 654 4 7
768 70 1 7
769 22 6 2
770 108 10 3
771 144 6 5
772 235 4 3
773 382 10 4
774 647 3 8
775 630 10 6
776 303 6 10
777 756 10 10
778 6 7 8
779 580 8 2
780 662 8 7
781 114 8 4
782 474 1 2
783 561 6 6
784 730 5 3
785 471 2 5
786 222 6 6
787 638 6 9
788 583 4 2
789 452 1 4
790 345 3 10
791 673 9 2
792 354 2 5
793 155 4 9
794 536 3 1
795 783 3 5
796 301 7 3
797 124 6 2
798 246 9 7
799 770 7 10
800 289 10 8
801 410 6 5
802 428 3 2
803 194 6 10
804 341 8 2
805 397 3 6
806 88 10 6
807 325 7 3
808 70 1 8
809 64 7 8
810 129 10 4
811 122 3 8
812 259 2 8
813 598 3 9
814 311 1 2
815 77 5 1
816 280 5 10
817 582 5 7
818 736 6 9
819 116 2 5
820 776 4 7
821 101 10 1
822 549 7 8
823 760 1 1
824 351 3 7
825 41 1 3
826 717 2 3
827 743 2 7
828 173 4 10
829 622 9 2
830 647 3 3
831 674 8 6
832 109 7 2
833 131 5 4
834 196 4 3
835 493 1 3
836 518 5 3
837 828 1 2
838 3 4 3
839 810 3 1
840 139 7 4
841 632 5 1
842 702 10 4
843 833 5 3
844 413 10 10
845 626 3 1
846 77 6 5
847 3 3 5
848 510 10 8
849 809 3 7
850 366 6 9
851 219 3 9
852 95 1 7
853 246 1 2
854 128 6 8
855 597 10 10
856 295 6 1
857 571 2 8
858 381 8 8
859 504 2 6
860 64 5 10
861 640 2 7
862 444 9 10
863 231 10 3
864 652 8 10
865 144 10 5
866 347 3 7
867 265 4 4
868 423 2 5
869 819 8 8
870 16 7 9
871 520 4 8
872 864 9 6
873 836 10 8
874 191 7 3
875 528 3 5
876 105 9 3
877 618 6 9
878 792 5 5
879 602 9 10
880 131 2 5
881 865 7 3
882 644 2 4
883 882 2 4
884 838 8 5
885 755 9 4
886 834 2 9
887 147 1 10
888 453 9 1
889 794 5 8
890 676 8 1
891 481 4 7
892 852 3 5
893 35 2 6
894 638 3 8
895 749 6 5
896 432 2 3
897 642 5 2
898 311 9 1
899 290 3 4
900 294 4 7
901 15 6 7
902 214 3 2
903 562 9 10
904 57 7 6
905 508 2 7
906 682 10 1
907 751 7 4
908 156 6 7
909 558 10 3
910 150 9 4
911 536 1 1
912 577 9 1
913 476 4 10
914 441 3 4
915 773 3 5
916 69 6 9
917 65 5 4
918 506 1 6
919 388 6 5
920 746 6 8
921 668 4 10
922 914 2 7
923 790 6 5
924 306 1 1
925 393 10 2
926 319 2 6
927 274 5 8
928 593 2 3
929 55 1 2
930 792 7 7
931 490 4 2
932 361 4 9
933 746 6 4
934 933 5 7
935 393 9 3
936 544 3 7
937 529 7 6
938 791 10 1
939 524 5 8
940 733 5 2
941 687 10 4
942 44 10 8
943 561 3 10
944 932 10 2
945 460 3 6
946 794 6 8
947 738 2 4
948 712 2 9
949 559 1 10
950 464 1 1
951 491 10 5
952 664 5 6
953 355 2 7
954 273 3 7
955 850 5 2
956 174 3 6
957 532 2 7
958 151 5 8
959 449 7 10
960 299 4 6
961 81 8 10
962 820 5 3
963 647 4 8
964 44 9 3
965 506 10 9
966 637 8 8
967 586 6 8
968 332 6 8
969 922 5 7
970 760 1 4
971 262 10 7
972 111 2 4
973 204 6 1
974 697 4 5
975 48 10 6
976 37 5 1
977 176 1 9
978 541 3 3
979 354 2 9
980 480 10 1
981 833 1 2
982 225 8 7
983 954 6 5
984 188 3 10
985 894 2 5
986 772 1 6
987 846 4 4
988 634 2 8
989 895 2 7
990 417 6 7
991 790 2 9
992 502 2 9
993 368 2 10
994 7 1 7
995 93 6 5
996 4 6 2
997 618 1 3
998 444 10 4
999 32 2 9
1000 682 9 5
639 95 10 9
973 407 10 10
977 319 4 9
509 864 3 5
35 662 8 6
663 740 6 10
856 359 3 1
843 783 9 6
600 377 10 10
571 551 4 6
964 758 6 9
856 239 3 5
749 182 6 8
938 806 6 2
733 492 3 5
339 144 7 9
747 815 2 6
267 115 1 7
522 713 4 6
660 178 6 7
202 474 10 5
319 605 9 3
4 861 7 7
532 973 6 1
33 809 2 9
805 27 7 10
26 760 2 6
587 825 6 10
264 683 8 7
710 367 8 7
845 906 7 6
664 998 5 6
416 112 10 5
482 264 8 1
68 756 10 5
324 165 3 8
921 512 8 5
744 150 5 6
864 244 2 4
78 164 6 10
546 874 7 7
520 185 1 2
729 244 5 3
663 692 9 1
68 640 1 10
492 537 10 8
222 578 6 1
183 686 5 10
942 673 2 4
225 46 3 6
743 552 2 3
317 969 6 5
321 230 8 1
66 760 2 9
302 844 2 8
729 932 7 3
269 573 3 2
780 431 9 8
880 912 5 7
580 209 6 10
161 599 2 7
242 27 6 10
464 427 5 10
222 927 1 7
381 268 2 7
338 284 9 6
364 924 3 10
918 213 4 6
811 229 7 9
572 459 10 2
684 917 4 9
149 629 5 6
80 248 4 9
482 142 5 5
465 765 8 8
35 118 10 4
679 614 9 4
569 143 6 5
763 628 6 7
143 152 7 7
662 832 6 8
620 804 1 3
73 834 10 9
921 243 1 6
37 637 3 2
168 551 10 1
11 384 2 9
122 96 8 3
869 556 4 10
464 959 10 10
923 612 3 1
730 997 7 5
806 663 3 3
554 907 9 1
982 631 7 8
64 411 1 8
239 909 6 4
118 469 3 9
383 769 9 10
269 394 8 2
344 814 6 6
701 500 10 5
244 555 7 10
672 19 10 4
147 249 7 6
447 992 6 1
893 739 4 10
498 228 5 7
741 64 4 1
27 609 4 2
163 699 2 5
755 367 5 2
825 554 4 10
546 367 9 7
902 33 3 2
610 682 3 4
13 680 9 3
267 410 9 1
701 39 7 8
103 23 9 1
569 736 9 7
519 794 1 1
49 99 2 6
539 877 7 9
158 403 3 1
197 895 3 4
537 471 7 5
510 459 3 7
676 857 4 10
646 906 3 9
718 298 1 1
935 155 1 3
602 891 10 1
482 673 5 3
152 292 4 5
767 924 9 6
497 839 8 3
552 446 7 5
566 389 9 9
694 54 7 7
912 54 6 9
809 511 5 7
392 989 10 5
859 601 3 7
896 921 10 10
116 142 4 4
551 964 9 2
462 653 1 9
800 183 10 7
586 289 6 3
595 114 2 3
488 490 6 1
993 15 2 10
162 986 10 3
115 799 1 5
857 897 6 4
427 595 8 6
69 704 1 5
800 876 8 3
168 920 5 10
325 306 5 2
763 586 3 4
722 887 8 7
814 56 1 9
552 812 3 5
963 882 4 3
808 961 7 6
746 434 4 6
451 977 3 4
949 223 2 4
986 899 2 1
53 652 4 6
719 337 2 9
923 569 5 8
993 419 10 7
535 368 3 7
131 364 6 7
962 272 4 7
621 163 3 7
239 140 6 3
448 458 3 6
797 500 9 8
677 289 3 10
669 514 9 9
173 91 3 3
649 486 3 1
674 719 7 5
450 793 8 10
939 135 4 10
369 356 2 6
963 236 2 1
94 728 1 4
610 326 3 6
707 223 9 5
433 592 4 9
592 145 2 2
745 905 1 6
800 687 2 1
131 499 10 7
121 811 1 10
753 22 4 5
671 997 8 8
858 308 6 2
857 86 6 2
457 727 3 6
552 175 9 2
686 949 8 1
575 170 5 8
714 538 6 9
213 487 4 5
366 774 4 3
43 279 6 4
915 377 3 1
699 268 1 6
51 181 10 7
46 821 10 3
893 266 4 10
957 757 7 4
428 987 6 8
528 44 7 1
952 359 4 2
849 572 4 8
650 152 10 1
752 837 3 3
203 47 3 2
927 888 6 5
988 236 6 4
359 262 6 10
279 338 4 1
48 369 9 7
235 424 3 2
92 320 6 6
611 448 1 7
36 311 9 2
471 778 9 6
512 628 5 1
320 777 7 2
970 682 8 1
959 684 6 7
195 112 7 5
957 997 2 1
747 418 4 6
924 868 10 10
36 230 5 4
579 564 6 8
382 63 10 8
901 284 9 2
595 709 3 3
394 238 3 2
932 209 8 2
851 107 5 10
625 308 3 6
561 363 7 5
268 392 4 3
805 688 10 1
918 581 5 6
968 731 9 1
223 268 4 6
956 517 5 10
337 335 3 9
624 791 1 7
165 70 6 5
511 121 8 3
379 42 9 9
41 205 10 10
261 500 8 7
799 36 2 9
772 302 5 1
378 583 10 4
8 464 2 10
780 230 5 7
819 611 5 4
676 651 4 9
397 664 8 3
757 839 8 10
944 113 3 6
807 723 10 8
949 798 5 4
539 23 5 1
28 744 2 1
538 221 1 5
639 665 3 10
85 886 5 5
911 304 10 2
581 963 3 1
924 160 2 10
380 205 2 3
224 842 1 1
209 140 5 1
380 469 2 1
111 690 3 1
128 700 1 5
974 656 1 10
206 927 1 2
279 118 6 8
254 615 4 9
947 975 8 9
562 646 5 3
12 242 2 6
899 708 10 4
273 857 2 1
306 826 8 7
989 452 9 3
423 401 9 9
711 326 10 7
403 691 7 1
106 998 9 2
57 288 4 5
678 102 7 1
688 105 1 10
133 119 6 6
801 791 3 3
238 505 4 2
95 460 4 4
75 918 8 3
816 520 2 5
670 623 10 3
728 652 9 5
583 333 10 5
278 546 7 6
423 472 5 1
588 554 10 9
943 899 5 9
874 245 8 2
16 933 10 1
147 780 7 6
643 920 7 7
429 505 5 1
337 516 9 4
508 924 10 7
548 212 3 10
327 790 4 6
652 383 2 3
743 472 4 4
602 143 7 9
271 892 1 6
319 780 7 6
502 882 9 4
396 361 7 3
509 155 8 9
866 37 10 2
814 376 2 4
514 410 9 3
730 75 2 3
462 113 3 5
650 876 6 1
966 506 9 4
150 516 7 9
603 735 8 6
344 925 1 4
910 377 2 9
536 886 1 1
544 377 5 9
976 626 3 8
642 336 2 6
497 802 8 2
853 534 6 3
139 13 4 4
395 453 6 8
888 686 6 7
196 702 8 5
801 485 4 1
40 601 6 5
574 492 7 3
586 561 3 9
801 202 5 3
514 221 1 9
191 985 5 6
702 313 6 4
447 347 9 3
429 399 10 6
702 89 2 8
452 982 1 3
37 163 9 8
652 134 6 7
525 59 8 6
828 608 3 7
431 769 6 8
184 461 2 3
764 479 7 7
198 389 1 5
620 301 6 10
617 787 1 10
570 780 6 5
505 711 1 2
741 519 10 9
896 690 3 1
752 141 7 1
734 21 10 6
178 591 6 5
877 753 3 9
461 815 5 4
333 823 9 4
122 165 7 1
943 248 7 2
642 355 9 9
540 549 8 5
229 977 3 1
366 87 6 5
70 609 7 1
646 319 5 6
804 611 10 4
252 270 7 8
98 849 3 9
225 277 10 6
263 900 4 2
335 685 4 10
341 500 6 8
462 727 7 2
461 66 2 4
735 92 8 3
424 1000 7 6
916 981 5 1
447 86 8 7
229 731 1 2
443 30 8 4
564 647 2 7
437 809 5 1
768 402 9 6
61 31 2 5
381 582 6 5
886 610 4 5
498 650 1 8
575 586 5 8
584 896 6 3
714 368 5 5
192 505 3 1
200 14 9 4
812 510 6 9
274 853 7 2
292 401 7 3
417 869 10 10
554 657 4 8
430 504 9 6
222 88 3 9
593 758 8 3
554 911 8 3
781 832 4 4
502 784 1 9
993 985 3 4
19 594 1 8
584 23 9 9
754 167 4 8
577 469 9 6
357 569 9 7
718 500 8 10
421 495 4 4
24 548 7 3
754 539 2 1
960 823 6 4
325 463 6 6
831 301 1 10
888 162 9 8
165 296 3 7
275 543 10 3
901 593 10 8
817 962 9 2
846 691 3 8
589 949 6 3
510 255 10 8
214 193 5 3
997 200 8 6
495 125 3 4
723 686 5 8
631 916 2 1
249 316 4 5
823 462 6 1
345 121 10 8
913 229 7 7
346 999 3 8
278 537 8 5
415 543 5 10
999 194 4 2
215 593 3 10
190 103 7 3
627 328 7 1
993 350 10 3
961 311 8 6
329 622 5 2
260 820 5 9
159 769 3 9
237 639 3 5
436 880 6 6
334 251 6 4
489 499 8 10
471 263 6 8
71 180 6 10
658 558 8 2
879 91 1 4
55 520 3 6
265 17 7 3
776 942 9 4
472 704 2 6
252 952 2 1
67 377 9 10
14 737 9 7
876 76 1 5
159 825 3 6
829 339 2 8
31 121 4 8
109 990 2 10
3 840 8 6
707 562 2 1
278 630 6 6
118 97 8 7
157 748 10 10
910 459 2 7
498 617 8 8
244 923 7 3
838 376 10 10
201 104 6 6
681 42 8 9
383 827 10 2
925 558 8 8
653 679 5 5
675 639 2 3
46 595 10 8
515 957 10 1
786 9 1 9
991 993 2 3
538 978 9 5
744 245 9 10
664 383 3 3
38 265 4 5
243 424 8 10
891 926 5 2
597 295 1 7
698 236 3 6
982 999 6 8
880 139 1 4
124 151 1 7
782 7 3 2
772 371 3 4
771 570 9 2
393 102 9 9
512 125 7 5
187 752 6 5
234 179 3 1
490 410 5 1
227 279 9 5
456 965 6 1
50 840 10 2
406 682 6 6
826 160 8 4
980 155 5 7
523 440 4 2
700 896 4 1
542 337 3 7
238 699 9 5
900 99 8 6
116 827 9 5
991 760 1 6
999 259 6 2
78 569 5 5
120 459 10 9
324 351 8 6
887 5 5 5
984 450 1 3
317 968 6 9
277 908 4 6
829 639 6 6
947 998 4 10
286 210 7 6
764 937 1 7
601 611 6 10
447 461 6 2
769 817 8 7
206 636 5 4
380 415 9 3
811 343 7 2
190 790 1 3
518 919 8 1
14 933 8 4
512 77 8 4
158 847 10 7
650 9 6 5
294 980 3 1
221 469 9 4
793 901 5 1
434 578 6 8
261 972 2 3
330 49 5 2
566 809 10 6
79 202 4 5
155 549 10 3
89 367 8 1
509 865 5 2
697 529 8 4
508 733 1 10
851 751 3 8
144 129 1 9
150 664 2 9
811 992 1 3
329 64 7 2
694 580 8 1
4 618 6 2
18 645 5 3
233 702 7 6
447 149 4 5
192 668 5 2
736 525 6 8
738 175 6 2
4 533 8 7
129 70 8 4
549 22 9 5
365 196 10 6
149 778 4 7
679 633 7 1
699 322 6 10
73 629 9 1
512 214 7 10
899 139 5 6
831 727 2 7
567 971 6 1
72 391 10 3
253 205 3 10
876 551 5 1
134 52 3 1
227 391 9 1
724 848 5 7
559 153 9 3
935 793 1 4
818 541 8 8
297 610 9 6
619 109 4 5
586 91 9 5
68 137 1 3
803 381 2 7
558 458 6 7
606 769 7 9
258 283 6 9
931 143 7 9
792 50 8 6
644 138 6 9
819 619 4 1
281 706 8 10
290 324 10 4
723 800 4 4
608 385 9 8
820 645 4 3
596 824 9 6
12 682 8 10
648 917 10 8
196 816 7 1
877 350 4 1
318 104 8 6
500 567 5 8
258 275 3 2
46 223 7 6
898 890 4 3
188 807 3 4
582 486 6 5
278 681 10 6
79 8 10 10
535 549 3 10
287 33 8 6
734 573 1 6
671 170 6 2
958 753 3 1
622 300 9 10
918 739 10 7
455 192 4 8
784 868 6 3
931 279 7 7
5 108 4 5
577 698 4 1
758 252 4 10
332 738 8 10
244 918 6 9
165 72 7 9
855 131 9 8
84 213 7 8
210 187 2 8
306 842 9 1
428 927 8 10
713 857 10 6
527 713 9 9
569 841 8 5
813 322 9 4
172 516 3 9
157 778 3 1
498 155 8 9
873 603 4 7
788 711 8 7
418 21 8 9
924 738 9 10
552 721 3 3
202 331 1 1
342 89 2 10
727 764 1 1
676 974 4 7
957 518 10 9
610 120 7 5
108 467 6 10
50 89 8 10
414 506 9 6
701 481 6 7
843 21 4 3
981 562 10 1
4 918 1 2
97 164 1 2
699 68 10 5
658 905 2 3
88 530 6 10
531 97 1 1
253 47 4 8
972 358 3 8
162 349 8 3
805 680 1 3
488 470 9 1
849 785 9 3
433 761 7 1
47 513 9 9
493 281 2 6
562 874 10 10
990 805 3 1
65 365 7 2
300 456 9 3
326 834 4 10
96 489 6 9
914 866 1 4
548 627 6 7
533 863 3 9
960 765 2 10
274 57 1 4
534 986 10 9
841 74 9 8
813 905 7 6
306 323 6 4
593 853 4 1
47 636 7 8
344 238 1 6
298 478 1 9
837 948 6 1
458 387 3 10
697 826 9 5
801 644 4 3
820 752 3 8
152 617 2 3
895 806 1 10
616 219 8 5
532 455 1 2
361 244 3 3
571 515 8 10
902 37 5 8
701 610 4 8
542 814 8 7
12 335 5 5
148 625 1 5
96 970 6 3
55 558 5 4
187 444 3 2
857 182 10 5
509 829 5 2
755 916 10 9
743 872 9 7
254 326 10 8
59 333 1 2
891 663 7 1
233 101 3 3
51 360 10 7
922 433 5 1
94 513 1 9
224 994 6 8
719 812 4 8
340 432 3 8
69 681 2 8
365 838 4 7
666 98 1 5
446 924 8 9
832 271 8 5
72 627 2 3
814 866 2 5
171 292 5 9
894 68 3 3
336 776 10 6
552 452 1 9
857 160 4 10
671 150 1 2
862 229 7 3
499 801 10 4
696 992 1 1
60 374 6 3
561 122 7 8
893 327 9 5
33 180 2 7
989 180 6 9
570 991 1 8
974 63 4 10
276 892 3 9
289 121 1 5
632 548 3 7
823 74 10 7
56 784 5 2
145 699 1 2
588 745 8 2
168 6 1 9
486 320 2 8
796 844 3 3
502 231 10 4
912 805 2 2
949 757 9 4
603 594 7 5
45 724 2 2
904 445 5 9
278 933 8 10
998 799 10 2
162 953 4 5
263 992 1 9
672 242 10 8
852 593 5 5
964 111 6 1
630 285 6 10
868 474 3 9
678 18 10 6
595 292 10 9
868 155 8 2
18 455 2 8
179 913 7 7
681 290 8 9
994 292 8 6
435 151 8 4
633 283 8 4
600 999 9 10
424 16 8 4
4 687 5 10
869 898 1 4
310 488 6 3
937 729 1 8
976 988 2 8
509 967 9 4
482 715 5 2
826 565 7 8
791 695 3 1
449 500 3 8
701 215 2 4
819 493 2 9
768 814 8 10
898 624 9 5
807 692 7 2
286 303 7 2
611 243 7 7
120 163 1 2
263 498 9 3
929 917 8 3
18 500 2 1
634 205 1 4
69 641 6 10
620 813 7 1
178 147 4 7
576 374 5 10
354 545 9 4
904 809 6 2
838 862 5 10
724 239 9 9
70 259 7 6
533 944 5 9
748 71 3 9
756 782 9 8
616 653 10 2
674 842 7 4
716 269 4 5
152 164 9 3
817 112 2 7
15 294 8 3
31 552 10 7
289 241 8 5
856 805 3 8
398 614 3 8
669 552 9 3
934 294 6 8
190 778 7 4
716 161 3 10
205 149 7 6
481 41 6 8
851 185 7 8
436 15 6 7
80 871 1 6
695 28 9 6
774 832 4 5
572 888 2 7
813 630 2 8
154 662 2 3
783 985 10 2
676 229 9 9
189 122 4 2
634 238 6 3
703 123 2 3
421 276 3 9
592 299 10 2
910 558 5 8
782 717 8 7
935 854 5 8
933 10 8 8
599 405 8 5
987 9 8 9
689 403 1 1
684 469 8 5
573 883 1 2
103 94 2 6
620 84 6 6
350 5 6 9
583 128 3 8
714 996 4 5
271 351 4 1
211 163 7 6
493 500 6 4
859 707 5 5
107 78 4 3
578 725 3 4
289 279 3 1
962 299 3 3
143 679 4 10
556 893 7 10
520 249 2 8
104 796 5 10
244 236 8 5
936 42 4 2
189 74 6 10
837 150 6 7
810 220 7 7
375 147 4 4
573 58 1 2
952 554 4 10
360 959 5 9
905 866 1 10
579 34 8 8
186 502 9 2
847 468 7 8
845 606 3 3
85 920 7 1
474 403 1 2
54 301 6 3
715 175 2 5
427 910 7 9
385 2 10 3
710 369 8 5
93 565 8 5
862 146 6 9
479 857 10 10
814 224 4 3
312 400 3 5
318 166 10 7
795 618 1 7
359 747 3 1
319 208 2 10
826 712 7 1
605 828 8 4
584 136 8 8
792 21 1 3
635 666 1 3
646 974 3 6
458 8 10 7
171 8 10 5
736 859 5 10
862 778 10 3
333 891 1 5
953 287 3 7
482 202 10 8
916 935 1 8
784 66 6 7
618 507 4 2
817 689 8 4
369 685 8 2
652 955 1 8
157 773 1 9
268 951 8 1
317 284 9 10
168 271 8 9
394 995 4 8
3 932 8 1
183 348 10 3
789 975 1 9
571 751 9 8
895 432 4 2
895 461 8 6
379 866 2 9
861 263 9 8
80 27 4 6
582 319 5 9
801 607 9 3
907 101 10 7
757 110 10 1
156 690 8 7
559 328 6 6
459 40 5 4
79 231 8 8
392 495 8 8
318 716 5 1
77 632 3 6
461 919 9 2
971 260 9 7
910 99 8 5
426 788 3 8
856 807 9 9
108 514 5 6
166 548 10 5
746 110 10 8
560 317 1 8
796 922 5 2
775 25 9 1
300
228
877
269
204
276
123
643
574
515
122
780
984
944
505
98
811
65
881
17
360
533
231
182
358
408
180
582
466
514
925
762
586
616
195
242
49
634
606
263
54
119
494
461
443
380
150
66
537
405
545
84
701
332
170
199
876
832
692
544
5
367
164
173
799
922
439
304
888
638
423
871
435
608
197
281
398
436
920
827
549
656
153
609
558
21
7
302
536
576
516
193
255
362
214
429
292
512
591
866
587
404
186
924
386
76
381
363
676
600
733
760
295
172
923
896
149
752
906
271
14
402
668
166
588
633
637
645
148
91
293
995
351
280
458
137
411
72
679
96
990
730
845
157
484
919
73
395
758
644
527
945
863
954
962
742
577
374
244
138
479
765
469
709
189
712
620
698
70
417
140
79
819
238
181
348
22
349
446
968
425
812
652
592
400
955
782
996
81
71
585
682
165
23
869
808
61
265
625
850
308
677
729
379
842
48
835
114
604
252
510
185
501
816
566
630
568
901
796
775
146
856
754
262
974
284
590
471
994
547
334
807
979
694
476
259
531
886
299
969
915
144
580
283
641
599
375
997
441
319
829
727
735
579
826
839
450
53
105
179
553
438
315
872
836
902
472
63
581
548
987
517
904
551
721
274
702
671
36
324
892
932
946
773
422
770
546
298
764
80
278
855
67
982
655
894
126
376
936
485
26
10
KABUR 529 904
KABUR 763 971
SUPER 671 17 820
KABUR 65 964
SIMULASI 526 772 210 384 940 475 664 872 545 555 936 714 269 67 617 677 348 727 40 740 588 961 247 213 631 354 706 410 340 218 192 701 328 242 208 65 616 763 48 96 636 656 86 742 139 750 112 885 846 746 986 350 634 14 670 421 116 281 100 119 380 375 845 657 758 977 296 220 490 776 992 136 520 959 863 659 194 724 615 85 341 403 441 196 708 947 522 273 197 623 593 338 137 590 651 254 336 619 56 604 899 357 595 780 976 568 557 988 290 43 948 511 970 434 952 160 498 487 332 132 873 169 813 349 75 775 817 748 969 248 562 594 980 151 90 685 649 825 762 415 167 583 766 333 933 314 285 68 257 730 292 47 548 894 173 238 222 480 16 777 796 898 942 554 799 983 268 650 339 418 960 640 72 934 580 563 698 237 368 852 611 221 335 521 198 966 229 88 129 171 953 386 946 822 35 343 470 540 760 309 259 681 156 9 172 366 533 955 411 488 752 484 154 531 41 907 844 201 629 694 318 170 831 45 84 632 874 347 570 174 749 141 289 376 455 747 832 506 903 509 703 104 626 564 193 118 646 251 300 773 797 3 928 700 744 536 117 865 50 827 424 212 726 312 115 518 413 979 412 53 364 875 655 187 272 751 586 468 525 492 978 637 126 972 523 722 549 834 362 165 949 110 94 405 76 835 103 757 371 647 191 219 658 837 909 425 900 457 159 423 753 275 250 854 517 577 842 260 732 847 482 843 87 437 70 288 725 811 678 735 233 840 806 231 369 913 330 886 319 989 739 283 621 602 606 718 147 284 77 301 249 559 102 89 565 768 897 816 298 168 660 395 529 920 552 429 551 731 63 695 246 613 419 904 200 394 432 668 31 998 850 359 111 479 906 996 639 937 997 867 645 127 331 228 579 994 215 12 26 494 527 702 841 993 635 669 542 44 36 599 512 474 308 225 929 311 240 618 963 662 968 926 239 609 422 984 575 995 771 443 383 190 495 814 326 663 97 991 833 460 252 38 299 642 297 463 245 428 216 444 954 414 721 142 803 691 385 98 769 798 391 829 870 476 895 294 179 266 430 46 532 66 794 177 253 861 781 922 567 446 152 890 224 754 146 876 932 956 392 877 643 971 409 733 270 566 6 388 941 108 919 69 859 316 592 372 181 185 688 648 990 774 964 230 109 74 124 295 839 431 367 389 144 820 716 158 207 
KABUR 201 678
SIMULASI 109 445 87 296 596 414 546 683 988 982 22 136 277 850 126 835 26 520 686 271 816 974 31 896 618 744 605 241 551 96 814 490 59 366 396 497 295 575 980 456 822 192 644 339 863 609 909 919 230 623 374 665 435 123 183 749 25 1000 23 881 959 825 999 615 66 985 797 399 401 57 514 394 88 717 332 304 550 383 269 627 71 947 722 402 281 4 803 199 731 603 308 30 531 692 27 37 149 622 676 539 174 674 508 878 640 650 607 544 834 667 
KABUR 284 33
SUPER 642 821 719
KABUR 302 551
