1000 2000
2 1 7 1
3 2 9 4
4 2 3 10
5 3 7 1
6 3 10 4
7 3 8 2
8 6 2 7
9 7 1 4
10 4 1 7
11 2 8 10
12 11 7 7
13 8 8 10
14 3 1 10
15 9 1 6
16 3 4 7
17 15 2 10
18 2 2 2
19 14 5 5
20 7 9 3
21 18 4 10
22 18 4 8
23 7 10 7
24 6 10 8
25 3 9 3
26 12 10 7
27 17 4 10
28 22 7 10
29 2 7 1
30 21 4 3
31 7 4 1
32 24 1 3
33 22 7 3
34 26 9 6
35 32 7 2
36 4 5 8
37 30 4 9
38 9 9 9
39 25 3 3
40 15 6 4
41 2 5 9
42 28 6 2
43 7 10 6
44 22 8 4
45 1 3 10
46 42 10 10
47 44 3 7
48 42 2 7
49 2 9 2
50 2 3 7
51 32 6 6
52 32 7 3
53 38 2 9
54 12 4 10
55 9 9 9
56 21 8 9
57 10 5 3
58 8 8 6
59 42 2 1
60 12 9 5
61 36 2 5
62 22 9 2
63 54 10 5
64 6 10 2
65 13 4 1
66 8 4 7
67 64 10 4
68 3 2 9
69 6 10 4
70 49 4 2
71 65 9 1
72 30 9 6
73 13 7 6
74 44 3 9
75 45 2 3
76 30 6 8
77 55 2 5
78 61 6 9
79 33 10 4
80 23 6 8
81 78 2 1
82 64 5 2
83 68 7 4
84 83 2 10
85 46 3 7
86 55 10 7
87 49 9 10
88 23 2 5
89 42 5 4
90 45 2 6
91 66 10 6
92 87 2 3
93 86 9 9
94 61 2 8
95 7 9 5
96 37 3 3
97 92 9 6
98 70 4 2
99 55 3 3
100 1 6 8
101 6 6 8
102 23 9 8
103 42 2 1
104 61 10 5
105 1 1 8
106 4 4 3
107 4 2 1
108 76 10 1
109 81 7 5
110 98 10 4
111 16 9 9
112 7 10 9
113 1 9 2
114 89 8 2
115 45 9 3
116 61 4 3
117 86 2 3
118 79 1 2
119 42 2 5
120 78 3 7
121 105 1 8
122 100 2 3
123 15 10 7
124 100 4 3
125 48 10 9
126 32 3 9
127 63 8 9
128 60 7 4
129 4 8 3
130 110 1 10
131 63 1 1
132 60 3 1
133 14 10 7
134 26 9 8
135 49 3 9
136 128 5 2
137 92 5 2
138 105 9 8
139 28 7 6
140 64 3 5
141 51 6 6
142 129 6 9
143 50 10 5
144 3 7 2
145 13 5 2
146 72 8 6
147 63 3 7
148 95 8 8
149 63 8 7
150 142 7 7
151 105 9 8
152 143 6 1
153 113 8 9
154 91 9 1
155 149 5 4
156 124 5 5
157 111 3 2
158 137 8 1
159 15 5 8
160 61 4 9
161 36 4 7
162 26 8 10
163 140 2 10
164 103 8 10
165 79 9 7
166 40 9 9
167 86 2 9
168 6 10 10
169 64 2 2
170 129 1 6
171 40 1 4
172 71 7 6
173 26 6 6
174 95 4 7
175 108 9 3
176 64 4 1
177 97 6 2
178 143 2 2
179 136 4 3
180 175 8 5
181 139 7 3
182 66 10 3
183 18 9 5
184 125 6 8
185 90 1 8
186 22 5 9
187 163 6 10
188 128 1 9
189 29 7 5
190 92 2 6
191 49 3 1
192 114 8 8
193 28 10 9
194 89 7 8
195 20 7 1
196 138 3 3
197 4 2 2
198 191 1 5
199 129 6 3
200 153 8 2
201 61 9 10
202 63 1 4
203 2 10 9
204 102 4 10
205 1 6 4
206 159 3 10
207 60 6 1
208 49 9 5
209 78 10 1
210 38 7 6
211 164 5 7
212 123 8 1
213 124 2 2
214 86 10 6
215 5 8 7
216 150 7 2
217 210 6 6
218 124 6 9
219 98 5 8
220 156 3 8
221 32 1 8
222 149 1 4
223 37 10 2
224 35 7 10
225 141 4 3
226 81 1 10
227 27 4 3
228 181 9 3
229 141 7 6
230 220 7 6
231 228 9 2
232 185 2 1
233 41 4 2
234 22 3 9
235 58 10 10
236 13 9 7
237 84 8 10
238 209 4 10
239 161 10 5
240 84 4 8
241 194 3 10
242 185 3 6
243 25 5 10
244 201 3 7
245 21 3 1
246 65 1 3
247 115 8 5
248 109 2 1
249 75 3 5
250 207 4 4
251 86 4 8
252 19 9 3
253 8 6 9
254 39 7 10
255 218 2 8
256 118 5 8
257 150 2 5
258 77 1 7
259 23 5 7
260 7 3 7
261 178 8 10
262 78 10 7
263 160 5 5
264 166 10 2
265 126 7 9
266 181 9 9
267 43 9 5
268 48 5 8
269 243 2 7
270 31 5 4
271 184 10 8
272 138 8 1
273 127 5 4
274 187 2 9
275 61 8 5
276 231 2 5
277 155 7 2
278 37 5 5
279 278 6 3
280 267 1 6
281 164 4 1
282 59 9 1
283 237 2 4
284 167 6 4
285 199 6 9
286 191 6 3
287 119 4 5
288 157 2 6
289 151 1 1
290 224 1 8
291 254 1 9
292 286 5 5
293 136 6 8
294 182 8 7
295 136 6 6
296 293 6 7
297 67 1 10
298 234 8 2
299 234 9 3
300 127 10 5
301 227 9 4
302 67 5 9
303 29 1 3
304 276 2 1
305 84 10 9
306 21 3 4
307 121 6 4
308 205 3 1
309 100 2 5
310 296 1 9
311 20 7 1
312 304 5 2
313 165 6 8
314 74 7 8
315 250 2 3
316 109 8 6
317 187 9 5
318 207 4 7
319 18 3 3
320 151 7 1
321 240 8 2
322 149 1 1
323 165 7 5
324 119 3 10
325 165 4 1
326 35 2 6
327 120 6 2
328 3 9 7
329 281 3 3
330 129 7 7
331 279 1 1
332 306 8 1
333 211 4 1
334 221 2 10
335 98 7 4
336 225 8 6
337 82 1 9
338 258 1 1
339 59 6 3
340 40 7 4
341 130 10 7
342 327 9 8
343 129 3 6
344 194 8 5
345 110 4 6
346 338 9 3
347 218 4 4
348 102 9 3
349 339 8 3
350 121 9 8
351 237 6 4
352 6 2 5
353 65 3 3
354 4 7 10
355 183 5 5
356 338 8 9
357 55 10 3
358 189 3 7
359 206 7 2
360 139 7 3
361 46 7 5
362 183 10 9
363 201 1 7
364 316 2 9
365 75 9 10
366 132 4 7
367 3 2 9
368 19 4 8
369 119 8 1
370 245 5 7
371 184 5 9
372 231 6 5
373 121 4 1
374 361 1 5
375 243 2 7
376 98 2 7
377 144 2 9
378 85 9 9
379 105 2 5
380 180 3 9
381 327 3 2
382 51 2 3
383 331 2 10
384 233 8 2
385 43 6 2
386 125 10 8
387 50 6 4
388 116 8 6
389 262 6 4
390 70 4 2
391 39 8 10
392 164 1 5
393 12 5 3
394 171 5 5
395 377 10 7
396 196 7 9
397 51 4 4
398 70 8 8
399 139 5 7
400 18 3 9
401 133 7 7
402 342 4 1
403 375 9 1
404 68 10 10
405 255 1 5
406 121 6 10
407 228 3 8
408 169 10 9
409 402 5 1
410 12 4 7
411 223 7 8
412 33 8 10
413 180 3 10
414 48 3 8
415 201 2 7
416 49 6 10
417 45 8 9
418 268 1 4
419 325 8 9
420 262 1 5
421 4 7 4
422 216 10 5
423 238 3 8
424 375 10 7
425 98 8 5
426 252 1 9
427 21 4 5
428 164 7 9
429 388 10 7
430 267 7 1
431 69 8 6
432 322 8 5
433 11 5 10
434 88 3 9
435 74 10 1
436 64 4 5
437 254 2 5
438 108 9 10
439 145 7 9
440 374 5 6
441 12 2 5
442 245 6 7
443 237 8 8
444 108 4 4
445 312 5 3
446 2 9 8
447 349 5 6
448 364 2 1
449 136 5 1
450 110 1 2
451 224 5 8
452 213 5 10
453 23 8 3
454 28 8 7
455 27 4 2
456 444 1 6
457 184 1 3
458 301 2 7
459 51 9 8
460 228 2 2
461 197 4 9
462 282 1 3
463 137 2 4
464 163 1 6
465 154 3 3
466 30 3 3
467 49 5 9
468 347 3 7
469 309 3 8
470 357 4 4
471 184 10 3
472 239 8 8
473 191 3 8
474 439 3 1
475 29 9 2
476 132 2 9
477 345 3 6
478 192 6 10
479 305 3 7
480 185 6 1
481 474 1 9
482 288 6 6
483 201 3 8
484 107 8 2
485 218 5 5
486 145 9 1
487 33 6 5
488 322 9 6
489 407 4 3
490 261 9 1
491 213 1 1
492 104 5 1
493 122 4 6
494 466 6 9
495 166 4 5
496 154 6 10
497 320 1 2
498 141 8 1
499 270 4 8
500 85 7 5
501 16 4 8
502 270 4 10
503 274 8 7
504 171 5 9
505 201 4 4
506 268 4 7
507 126 4 2
508 255 4 10
509 291 7 8
510 15 8 10
511 252 1 4
512 11 5 9
513 69 6 5
514 21 10 5
515 315 10 5
516 334 6 4
517 221 2 7
518 501 5 1
519 104 8 8
520 304 9 5
521 470 9 10
522 503 7 10
523 208 6 9
524 209 7 6
525 519 7 10
526 21 1 1
527 153 10 9
528 155 4 4
529 223 9 7
530 279 7 2
531 378 6 7
532 102 8 5
533 75 3 4
534 50 1 10
535 180 10 3
536 372 4 7
537 524 8 5
538 349 6 8
539 29 6 8
540 480 5 7
541 396 9 5
542 228 9 2
543 475 9 6
544 139 3 7
545 520 4 8
546 156 2 1
547 545 4 9
548 311 10 3
549 89 10 3
550 397 2 1
551 424 6 9
552 325 8 9
553 357 5 5
554 255 4 7
555 119 6 10
556 552 8 9
557 33 1 3
558 233 3 4
559 512 10 2
560 50 10 1
561 278 6 5
562 35 4 9
563 306 8 2
564 465 8 7
565 303 1 9
566 314 9 6
567 54 7 9
568 256 1 10
569 248 9 2
570 323 4 7
571 174 8 5
572 490 9 10
573 170 8 9
574 209 7 9
575 326 5 8
576 570 6 3
577 483 3 4
578 89 4 7
579 505 10 2
580 6 3 7
581 513 8 1
582 548 9 8
583 183 1 5
584 248 6 2
585 484 5 1
586 71 4 2
587 490 6 6
588 539 2 7
589 139 2 2
590 463 6 8
591 453 1 3
592 400 6 7
593 518 3 3
594 398 7 10
595 17 4 7
596 128 7 10
597 531 3 4
598 514 8 1
599 4 3 6
600 140 7 6
601 563 3 10
602 114 8 1
603 203 6 4
604 578 8 2
605 4 9 7
606 44 2 8
607 15 2 4
608 89 4 8
609 599 2 9
610 127 1 8
611 185 8 4
612 546 3 4
613 301 6 6
614 521 8 9
615 609 4 8
616 344 7 4
617 436 5 8
618 441 9 9
619 64 4 6
620 304 4 8
621 225 3 1
622 562 10 7
623 499 9 6
624 623 1 4
625 477 8 9
626 469 1 8
627 499 8 9
628 110 7 3
629 31 1 10
630 213 10 10
631 413 10 1
632 412 7 8
633 159 10 9
634 40 2 10
635 287 1 7
636 33 6 6
637 454 4 10
638 371 5 9
639 239 5 10
640 151 9 9
641 354 9 7
642 71 2 8
643 440 4 3
644 330 4 9
645 309 10 1
646 100 4 4
647 144 7 4
648 251 2 8
649 60 7 4
650 562 1 5
651 537 5 4
652 644 1 10
653 239 5 5
654 379 4 2
655 156 10 8
656 224 7 7
657 285 2 7
658 144 1 3
659 72 9 4
660 43 5 4
661 407 8 4
662 360 7 3
663 442 1 10
664 274 1 2
665 347 10 1
666 198 6 10
667 217 3 3
668 629 3 4
669 21 8 7
670 444 8 8
671 613 8 7
672 434 5 2
673 518 5 10
674 271 9 3
675 567 1 2
676 482 3 8
677 374 9 8
678 424 10 1
679 137 4 7
680 287 4 2
681 588 2 4
682 555 6 7
683 31 8 3
684 631 1 3
685 422 10 3
686 202 3 6
687 474 10 4
688 40 6 1
689 310 1 8
690 107 3 3
691 397 2 5
692 464 5 5
693 120 10 3
694 505 10 1
695 379 5 5
696 684 2 10
697 215 5 7
698 492 7 2
699 311 10 4
700 362 7 6
701 155 2 9
702 327 8 6
703 561 9 2
704 482 7 4
705 323 3 8
706 48 4 4
707 424 8 3
708 691 8 6
709 154 5 2
710 646 10 7
711 220 9 5
712 705 7 7
713 532 7 4
714 65 6 7
715 570 9 3
716 444 10 1
717 577 4 1
718 96 5 6
719 403 9 2
720 499 9 8
721 518 7 6
722 639 7 2
723 546 3 5
724 475 1 5
725 457 1 3
726 454 5 9
727 470 2 1
728 650 6 1
729 507 10 2
730 117 10 6
731 359 5 6
732 529 7 3
733 146 8 5
734 672 5 2
735 31 7 1
736 554 7 10
737 695 9 4
738 568 3 10
739 433 5 8
740 109 8 7
741 424 4 6
742 329 8 1
743 333 3 8
744 658 1 8
745 13 4 1
746 302 10 4
747 546 6 2
748 219 9 2
749 744 8 7
750 209 6 4
751 543 9 4
752 225 5 8
753 623 8 10
754 600 10 6
755 182 10 3
756 83 4 5
757 750 5 8
758 387 10 7
759 312 8 7
760 458 9 6
761 392 1 2
762 585 9 5
763 192 5 4
764 617 5 2
765 337 2 4
766 720 9 4
767 134 1 7
768 588 2 4
769 260 1 6
770 111 7 9
771 171 7 6
772 39 4 3
773 733 4 8
774 403 5 5
775 261 7 9
776 218 7 5
777 277 5 9
778 303 3 10
779 635 3 2
780 420 9 1
781 339 3 6
782 202 9 10
783 634 3 7
784 5 10 6
785 239 10 1
786 253 1 3
787 156 4 4
788 505 1 1
789 472 2 9
790 174 4 7
791 61 8 5
792 222 6 9
793 333 1 4
794 178 9 4
795 693 8 9
796 92 4 9
797 641 7 10
798 229 4 4
799 655 3 10
800 550 2 2
801 745 10 6
802 328 5 1
803 645 10 4
804 143 4 2
805 334 9 8
806 38 2 1
807 323 1 10
808 325 1 10
809 719 9 2
810 723 3 7
811 588 3 3
812 656 6 3
813 463 7 6
814 80 7 4
815 41 1 4
816 305 2 2
817 473 9 6
818 227 2 10
819 328 1 9
820 795 6 9
821 685 8 9
822 325 6 6
823 255 7 7
824 478 8 2
825 122 2 8
826 69 6 7
827 238 8 5
828 674 8 3
829 533 9 2
830 709 8 1
831 234 2 2
832 223 10 2
833 166 7 7
834 119 2 6
835 55 4 2
836 397 4 10
837 752 5 8
838 665 7 10
839 563 4 4
840 492 4 8
841 264 9 2
842 730 6 6
843 307 5 5
844 484 8 8
845 771 10 1
846 555 8 7
847 764 6 9
848 746 6 3
849 26 2 4
850 574 10 3
851 524 1 3
852 31 9 8
853 647 4 2
854 551 2 4
855 194 9 4
856 526 10 6
857 632 10 10
858 292 8 6
859 851 10 8
860 261 3 6
861 273 8 6
862 560 3 5
863 777 6 6
864 733 1 1
865 92 8 10
866 613 10 4
867 508 9 3
868 431 1 9
869 174 5 5
870 360 2 5
871 8 9 3
872 770 5 3
873 713 3 5
874 448 1 10
875 360 7 9
876 393 8 8
877 87 8 5
878 454 2 10
879 206 5 4
880 179 1 10
881 564 7 8
882 815 3 7
883 80 10 2
884 827 1 7
885 861 2 2
886 364 3 7
887 130 8 3
888 101 6 4
889 765 5 9
890 651 5 6
891 177 5 7
892 35 5 6
893 201 8 2
894 567 8 8
895 851 7 5
896 585 2 4
897 42 5 3
898 651 9 5
899 78 9 1
900 597 3 10
901 425 8 10
902 464 8 4
903 48 4 1
904 499 10 3
905 355 9 1
906 559 9 1
907 720 4 9
908 632 7 4
909 375 7 10
910 138 4 1
911 187 8 7
912 738 9 1
913 134 10 7
914 139 5 6
915 47 6 8
916 272 9 4
917 340 4 10
918 39 7 3
919 781 3 8
920 591 6 8
921 803 5 6
922 293 7 7
923 703 3 9
924 736 6 7
925 113 7 9
926 49 3 6
927 371 8 8
928 73 10 1
929 368 7 3
930 137 4 9
931 847 4 6
932 453 10 3
933 247 6 5
934 552 1 9
935 513 5 4
936 793 1 4
937 157 4 7
938 183 8 7
939 476 5 4
940 480 9 2
941 432 5 6
942 296 7 5
943 317 5 5
944 107 2 2
945 592 10 1
946 521 9 6
947 562 9 6
948 488 7 3
949 558 7 7
950 592 6 10
951 26 10 1
952 105 8 6
953 857 2 3
954 174 4 5
955 137 8 2
956 664 2 3
957 854 5 8
958 689 7 3
959 505 10 6
960 330 6 9
961 718 4 10
962 709 9 1
963 492 5 4
964 503 4 9
965 214 5 3
966 491 6 5
967 396 2 8
968 823 9 4
969 456 1 9
970 909 2 7
971 722 6 9
972 744 6 5
973 513 5 2
974 221 5 10
975 602 7 1
976 77 1 4
977 834 4 10
978 121 10 5
979 891 10 9
980 587 2 5
981 501 10 9
982 669 3 2
983 546 2 9
984 552 9 9
985 832 9 2
986 789 3 10
987 95 7 8
988 538 10 6
989 147 5 3
990 586 1 9
991 131 8 6
992 962 2 2
993 196 6 2
994 827 9 6
995 814 8 9
996 254 9 8
997 453 8 4
998 797 8 5
999 122 8 1
1000 6 7 5
74 894 6 10
912 926 4 5
667 119 7 10
162 476 7 5
110 156 2 6
958 122 9 2
405 677 6 8
567 608 3 5
424 235 8 7
925 896 9 7
184 791 7 9
616 554 4 2
111 58 4 6
386 312 3 6
853 765 6 9
692 658 4 7
955 153 7 6
647 706 3 4
3 318 4 9
260 953 1 1
165 95 3 8
756 742 2 10
203 28 10 3
280 581 7 2
933 126 10 3
673 805 9 9
189 446 2 7
735 231 2 1
506 453 10 3
725 77 5 10
968 324 2 5
298 399 8 9
821 532 1 9
224 855 9 3
540 759 7 1
568 110 7 1
222 756 2 4
219 428 1 10
906 565 7 8
130 26 1 2
980 987 1 9
150 962 6 5
538 623 1 3
239 773 1 3
471 426 9 9
321 474 9 9
457 733 9 4
491 913 7 6
411 407 3 10
208 810 6 8
784 910 8 1
770 615 7 3
258 949 8 7
80 110 2 3
217 820 2 9
733 59 10 1
983 212 9 2
961 157 6 1
461 319 5 2
732 127 8 1
363 333 1 10
226 696 3 8
979 791 2 8
137 233 7 10
846 375 6 4
315 389 6 7
244 692 3 6
633 963 5 9
487 937 7 4
533 613 8 8
368 743 8 3
735 724 5 8
807 829 6 5
368 392 1 4
750 694 7 9
857 284 8 6
533 874 7 5
995 927 10 2
294 42 10 4
159 794 10 1
114 400 10 10
263 920 7 8
105 20 5 3
722 520 6 6
989 127 1 5
451 628 8 8
351 498 8 4
370 813 10 3
527 71 5 1
568 452 7 5
855 454 3 10
718 225 2 3
496 56 10 8
277 143 8 5
546 286 9 1
159 5 2 7
63 138 1 4
467 892 3 7
375 780 10 1
332 719 6 8
525 581 1 2
402 149 2 8
975 671 4 6
966 920 1 9
113 370 2 2
809 857 7 5
130 711 5 6
836 872 3 4
852 807 10 9
632 56 8 7
967 92 3 4
655 168 5 2
981 541 9 4
233 210 6 1
367 13 2 5
463 166 9 2
557 437 1 2
873 111 9 4
569 4 2 2
979 60 8 1
739 821 5 8
547 167 7 1
557 400 10 5
771 856 2 8
112 799 2 9
797 578 2 10
909 890 3 1
312 340 1 8
788 90 8 8
655 632 2 2
887 752 1 1
202 207 8 8
206 781 6 9
946 345 4 1
403 155 3 6
161 184 2 1
479 674 8 5
758 45 5 9
258 203 3 5
163 345 9 8
270 424 4 6
810 693 3 10
916 649 7 6
123 113 2 5
844 391 4 8
231 495 7 4
656 123 3 8
831 576 3 5
968 247 8 3
812 805 9 8
382 579 2 5
71 318 10 5
651 32 6 9
946 85 5 1
512 983 10 10
5 219 5 8
853 162 5 1
760 745 1 6
852 225 6 3
686 351 6 9
549 165 5 6
551 663 7 1
250 335 7 5
989 322 1 3
724 841 9 5
983 161 3 9
227 275 5 5
455 61 6 9
537 286 4 4
623 766 1 5
286 476 9 3
967 654 5 5
437 141 6 4
520 982 6 10
268 858 10 9
131 134 9 6
639 660 7 4
969 185 10 7
557 181 3 2
323 206 2 5
600 845 2 9
931 855 6 6
696 909 3 10
848 340 4 3
167 406 6 8
189 48 3 6
190 266 2 8
938 810 9 9
37 737 3 2
648 356 3 7
926 652 5 3
600 758 5 6
738 196 10 10
868 403 6 6
841 899 8 10
339 562 2 1
917 1 5 4
856 501 9 5
751 407 1 8
178 581 2 3
439 719 10 1
188 882 7 1
903 537 8 2
790 135 4 5
903 422 3 4
57 275 8 5
873 887 5 9
439 648 10 1
166 374 10 10
847 494 7 2
646 866 2 4
548 567 2 2
419 543 1 6
653 925 4 7
182 27 3 9
869 814 5 1
575 41 4 9
148 982 7 8
744 472 2 5
619 149 1 5
226 940 2 8
124 83 2 2
349 675 4 9
318 994 2 1
987 96 3 8
460 546 1 5
684 339 9 10
677 718 6 6
347 805 10 10
468 933 10 1
790 39 10 5
713 369 2 7
65 211 6 4
813 163 6 1
3 9 8 1
186 995 8 2
318 875 9 5
823 20 1 2
162 952 3 7
303 277 8 4
649 187 7 2
465 40 10 5
180 52 1 7
792 205 5 1
763 60 9 10
580 511 2 1
192 469 9 10
686 861 7 7
227 119 6 2
495 281 7 10
310 75 1 4
561 595 8 1
842 643 8 1
123 238 3 2
656 30 10 3
872 681 6 4
976 831 8 6
352 318 8 7
564 174 6 2
148 974 7 4
20 837 6 3
621 9 6 6
802 884 2 4
636 321 10 9
919 100 2 3
426 615 2 7
315 366 6 6
209 188 3 2
168 35 10 9
17 913 1 8
399 973 6 9
578 726 3 7
312 188 8 10
711 37 3 1
93 482 4 7
424 319 8 3
470 542 4 7
719 957 9 3
557 379 9 7
99 415 7 3
531 265 10 7
927 423 3 8
545 786 5 10
50 414 10 8
687 229 1 5
799 245 7 1
375 981 7 2
710 780 5 3
217 187 3 5
864 685 9 4
871 726 3 9
526 313 6 5
970 265 7 10
961 577 3 6
274 348 4 6
867 14 8 7
513 344 6 2
700 856 4 6
239 423 8 4
324 865 5 1
615 904 10 4
958 930 8 7
111 54 9 7
722 867 2 4
963 394 9 10
857 15 10 2
450 51 2 9
221 453 4 10
158 140 6 7
525 943 7 10
191 813 4 1
308 85 1 9
95 680 2 4
642 562 3 8
511 860 1 9
536 389 3 10
591 468 3 7
687 856 8 8
745 441 2 2
760 436 4 10
894 402 6 1
908 697 4 9
558 66 3 5
20 921 2 5
59 721 9 8
954 389 7 6
902 752 8 5
142 798 9 3
191 168 4 3
321 445 10 2
440 187 7 9
332 426 5 1
257 801 9 6
464 791 3 4
860 572 10 7
678 421 9 7
794 155 2 10
976 972 3 9
163 545 1 10
917 783 3 4
9 326 7 4
672 589 4 4
165 444 2 2
473 176 1 5
375 874 10 5
393 240 3 4
505 523 9 10
897 24 9 3
164 639 10 10
266 391 4 1
304 552 3 6
998 911 1 5
511 893 9 7
500 833 8 2
513 177 10 9
903 661 3 6
105 589 2 9
831 941 3 9
837 544 3 6
733 538 1 1
9 549 10 6
594 461 6 10
972 452 3 2
231 663 6 6
384 310 9 7
245 120 5 10
589 509 4 10
414 250 10 4
413 145 3 2
842 350 1 6
569 435 4 8
242 460 6 1
217 508 7 4
279 559 10 2
39 542 8 5
434 142 7 10
203 473 10 8
908 843 1 9
824 630 7 8
918 462 3 3
68 966 10 8
674 842 5 7
3 987 1 6
127 166 6 4
140 469 4 7
824 116 1 9
657 469 5 10
437 101 10 3
122 637 10 1
399 785 8 7
25 660 3 7
920 755 1 5
159 533 6 9
31 122 4 4
684 609 7 2
414 215 10 6
594 527 4 5
847 133 10 7
354 914 3 2
882 291 9 7
620 562 6 4
504 955 10 3
362 440 3 2
330 342 2 1
52 974 2 3
657 533 6 1
357 308 3 4
703 152 7 6
395 787 2 3
379 673 10 5
498 380 8 7
616 833 10 4
617 33 1 9
197 777 10 8
554 666 10 6
917 681 9 3
677 304 5 5
992 748 8 9
364 565 6 8
64 401 10 1
192 400 3 10
44 505 2 9
65 372 1 8
110 663 7 5
129 986 6 10
376 338 10 10
784 769 3 1
306 916 6 8
609 228 4 1
93 398 10 2
810 339 4 6
922 137 8 7
103 55 7 6
818 925 5 3
743 370 4 3
574 364 1 8
340 372 4 2
512 375 3 9
542 830 9 7
663 734 2 6
623 457 4 10
358 668 8 3
528 247 8 4
389 112 6 8
793 448 7 9
493 300 8 1
828 333 1 9
575 241 8 1
82 784 2 5
269 855 9 2
747 512 10 4
758 224 1 6
921 376 5 10
445 189 9 8
461 929 4 2
657 455 9 3
359 162 10 3
373 599 8 7
73 6 9 4
41 749 5 3
835 789 7 10
422 459 5 8
319 8 5 8
590 138 2 2
462 985 4 4
336 578 8 2
496 208 2 5
175 798 2 10
343 526 1 2
306 733 3 1
484 340 5 3
68 841 2 8
327 4 6 10
181 682 6 9
986 30 8 2
886 899 4 9
934 867 5 2
961 795 1 5
251 284 7 9
469 724 10 6
963 27 9 1
957 231 8 7
638 104 9 2
696 220 4 8
839 620 4 1
849 733 3 2
676 521 2 9
1000 299 5 3
289 455 2 1
14 255 10 1
749 831 4 8
69 274 9 3
314 570 7 2
468 916 8 9
136 953 1 4
438 703 9 1
673 142 9 6
74 644 3 5
118 289 7 7
819 644 6 7
247 708 4 7
705 839 10 8
334 22 5 8
573 143 10 10
323 274 4 3
432 13 8 1
417 280 4 9
508 386 1 9
134 98 8 8
664 502 7 8
110 528 2 7
15 939 1 5
248 266 2 7
97 618 9 2
726 132 8 1
239 244 2 7
512 164 8 8
498 809 5 4
776 837 6 8
331 972 1 3
95 327 10 6
267 52 6 3
957 323 6 1
436 523 5 4
668 547 6 1
494 529 4 4
125 455 6 9
721 96 8 4
920 760 10 9
688 161 10 8
959 255 8 1
363 957 5 10
866 86 2 5
28 325 4 10
164 52 2 1
466 49 10 4
219 805 6 10
384 171 10 4
19 799 9 8
837 212 1 3
347 861 6 2
900 45 4 1
701 431 9 9
869 495 10 6
841 406 5 7
985 298 10 3
137 115 3 1
433 736 3 5
646 512 1 2
78 249 2 5
248 269 2 1
250 592 4 5
545 267 2 7
165 212 9 3
233 268 10 4
607 695 8 4
667 40 10 3
347 226 1 5
349 16 9 5
281 926 5 9
467 277 7 3
787 643 1 9
492 297 9 10
264 963 10 6
74 660 1 6
498 415 8 6
789 439 6 10
731 816 2 10
559 139 8 7
59 790 2 4
849 738 9 9
299 619 1 8
179 268 3 3
268 592 1 1
831 82 8 7
639 398 7 5
870 821 8 9
149 621 5 8
536 15 2 1
400 128 9 6
975 728 1 5
119 446 8 5
420 241 1 2
405 312 6 5
63 844 10 4
522 601 3 7
842 65 6 4
767 672 8 7
741 17 1 4
397 311 1 1
386 997 1 3
357 791 4 4
10 94 8 1
993 529 2 9
149 182 5 2
272 589 6 9
45 541 5 2
317 109 5 10
715 69 6 5
440 122 10 4
687 125 8 10
954 37 6 10
731 896 1 5
708 294 4 4
120 407 9 9
159 775 1 2
510 305 8 2
893 673 10 6
231 177 5 3
261 597 8 10
835 983 10 8
794 59 6 10
381 852 10 5
468 702 5 5
851 473 9 5
748 117 6 9
369 776 4 5
891 17 3 10
62 393 1 5
802 789 4 3
364 389 9 4
499 336 10 4
883 278 8 5
909 612 3 1
693 604 9 9
699 546 7 6
571 56 2 2
797 547 3 3
125 163 6 1
260 807 9 3
405 175 1 9
601 72 4 2
891 628 10 9
749 119 6 6
578 19 3 4
697 797 2 9
776 589 2 4
983 402 8 5
529 876 9 6
927 344 5 5
748 8 8 1
353 744 7 7
371 434 9 6
280 555 1 7
46 164 4 2
988 74 5 3
31 998 7 1
447 509 2 10
23 329 2 2
320 174 9 6
478 734 3 8
210 462 3 5
310 710 4 2
516 821 7 3
232 179 5 3
377 406 8 4
412 181 2 1
929 344 4 7
292 734 9 7
757 156 4 6
448 661 6 10
766 477 4 5
539 565 9 10
342 802 9 8
51 102 10 6
468 30 10 4
636 314 3 1
3 560 2 7
45 584 10 6
458 329 2 9
224 995 10 10
212 444 1 6
493 644 9 7
369 680 1 6
630 266 4 8
491 343 1 6
724 352 3 2
489 538 7 4
247 950 1 2
13 57 2 8
185 21 10 1
505 526 9 4
82 367 7 8
709 66 1 10
349 67 8 1
650 350 7 5
1000 956 4 7
609 107 6 5
903 763 1 7
363 345 4 4
825 423 6 3
761 618 2 6
424 899 9 2
493 911 8 9
332 591 9 7
126 513 9 2
23 109 8 5
615 744 10 7
530 308 8 5
704 214 3 4
173 479 9 3
482 500 7 4
586 86 10 8
654 931 4 7
98 75 4 5
822 51 4 3
541 526 5 9
689 455 6 8
581 336 1 7
338 646 8 8
651 794 10 7
888 9 4 10
855 237 3 10
334 931 9 6
611 387 7 1
924 659 1 2
775 996 1 3
851 475 6 10
757 410 4 4
541 932 7 10
622 676 6 3
489 199 1 5
570 61 5 5
786 556 7 5
763 869 1 5
839 573 2 2
706 781 1 2
411 995 9 8
703 15 2 10
758 207 3 3
852 699 6 6
337 89 7 8
570 730 9 1
694 803 2 7
641 638 9 6
196 550 7 8
411 878 9 5
950 347 9 4
864 285 5 1
547 274 9 1
515 20 6 3
278 150 8 8
690 2 8 6
503 118 5 4
545 522 5 3
31 995 5 2
95 756 7 2
384 264 2 3
78 377 3 10
625 700 2 3
894 443 7 4
725 345 10 3
241 242 7 7
195 920 4 9
120 647 6 8
355 994 5 5
623 82 1 8
232 157 8 4
755 406 3 8
578 309 4 1
931 4 5 5
625 259 8 1
41 356 10 5
402 105 10 7
405 294 6 4
892 849 8 8
758 62 8 1
968 134 10 6
450 231 8 10
400 17 2 9
906 434 5 1
172 779 3 2
215 970 3 3
566 830 6 9
242 894 7 6
991 442 5 4
717 144 9 1
471 761 8 10
839 769 2 1
872 730 5 4
163 825 7 5
275 952 2 2
800 83 9 4
992 115 8 3
857 286 9 4
713 580 2 4
502 804 10 4
614 269 4 4
801 829 3 6
906 766 2 2
273 292 9 10
635 440 4 4
561 656 1 1
245 796 6 5
696 67 10 7
567 452 4 10
665 589 1 2
291 664 3 3
188 33 7 6
313 449 1 8
746 510 5 3
499 641 7 4
132 646 6 8
618 631 1 5
684 842 5 3
990 486 5 3
105 850 1 2
545 663 3 5
374 25 7 7
907 281 10 9
450 46 2 8
975 303 2 3
656 458 10 4
3 913 4 8
304 816 6 1
939 400 3 5
420 903 6 3
758 734 7 2
691 97 7 5
254 955 7 8
743 303 4 5
147 192 2 2
522 882 9 8
863 614 6 7
404 810 1 3
627 623 1 10
614 857 6 9
167 227 3 10
697 480 7 7
709 467 7 1
878 40 8 1
54 961 8 6
830 930 10 6
338 484 4 2
219 94 9 8
755 295 8 9
636 358 1 1
402 155 9 8
932 363 9 2
791 255 5 4
835 317 3 3
292 982 4 6
594 30 1 8
889 320 4 9
914 135 2 9
40 278 7 4
580 1 3 8
202 706 8 5
58 437 1 4
143 948 2 7
923 35 4 1
977 757 7 1
490 733 4 5
777 998 2 1
727 732 8 10
591 513 8 4
291 473 5 10
37 302 3 5
847 884 2 6
44 854 9 5
452 719 6 6
812 466 10 7
796 755 3 8
351 660 2 10
798 993 5 1
438 508 1 2
517 274 1 3
929 835 10 6
977 942 4 10
777 859 7 3
947 807 5 2
409 91 5 9
612 726 9 9
696 230 2 3
45 811 7 7
864 509 1 9
832 496 3 5
793 695 10 5
868 719 7 9
621 687 4 1
524 622 6 5
437 349 4 3
200 273 4 2
913 531 4 8
561 423 2 3
803 688 3 4
922 564 3 9
583 252 1 8
418 91 8 10
351 45 9 4
768 673 3 2
429 146 8 4
374 623 5 9
643 227 3 2
581 309 9 6
474 377 3 6
828 78 10 3
523 911 3 5
311 298 9 2
798 27 10 1
284 178 3 3
246 841 9 8
582 39 2 9
930 767 6 1
621 362 1 8
669 921 8 9
235 427 10 6
950 997 6 1
736 301 3 4
975 135 8 8
62 976 9 4
657 333 8 6
612 5 9 6
13 947 9 2
30 53 3 2
748 728 3 5
530 609 8 5
847 485 7 9
995 794 6 5
622 708 2 7
474 137 9 4
532 837 2 2
143 375 2 3
128 730 2 10
643 461 5 2
245 996 2 5
864 444 1 7
522 826 8 10
294 141 5 6
953 608 3 6
742 441 7 6
515 525 2 6
562 369 3 3
217 794 7 5
498 527 10 3
139 489 3 6
128 42 4 6
700 851 3 2
107 372 9 3
572 568 1 9
239 110 6 3
611 1 1 2
707 809 6 9
683 72 5 8
32 494 1 9
958 950 9 4
759 983 6 4
571 987 1 8
618 707 5 2
236 201 1 9
825 900 8 1
410 8 6 2
982 691 6 6
413 393 7 3
257 953 1 1
856 615 9 3
404 936 10 2
154 920 3 3
823 55 6 10
894 687 4 5
187 296 9 5
499 301 7 8
977 997 9 9
875 2 10 9
107 653 1 7
680 56 4 3
426 706 5 3
201 231 5 9
302 134 10 5
335 985 4 3
320 296 10 7
45 142 10 2
626 843 9 3
723 80 6 4
11 166 9 10
913 911 9 4
39 867 8 4
418 237 2 3
93 612 10 3
781 139 7 2
214 304 9 8
220 16 7 4
947 658 2 3
569 128 5 3
38 289 8 2
555 42 5 4
128 936 5 2
387 815 6 5
192 30 3 5
956 825 1 7
313 366 6 5
686 688 5 9
364 607 7 5
394 246 9 6
9 908 1 1
216 604 6 7
321 597 3 10
274 378 10 6
934 258 1 9
314 169 8 8
160 958 5 7
300
55
723
11
14
88
585
690
344
731
193
966
685
216
699
772
228
967
35
596
148
328
783
561
909
892
666
932
261
274
453
922
508
186
112
161
560
126
709
79
834
868
78
187
367
461
682
322
153
169
292
283
452
513
956
83
225
276
92
618
38
930
604
158
538
310
826
938
366
184
443
404
698
975
809
977
562
554
502
309
664
368
641
408
529
674
629
435
41
355
390
476
421
65
839
24
971
729
257
700
258
176
84
97
495
769
102
869
983
150
244
942
338
689
446
297
354
743
741
125
580
177
132
791
40
675
984
833
617
567
200
893
713
444
608
914
305
850
442
234
763
74
511
160
570
427
780
950
109
742
894
545
464
152
439
18
820
104
422
531
330
451
627
652
226
516
931
951
314
385
134
339
953
235
535
36
182
622
472
665
609
764
750
19
859
251
16
865
980
146
598
795
586
602
645
66
431
812
935
854
671
141
347
233
650
801
248
940
696
60
553
725
882
222
521
778
648
761
527
5
122
157
558
853
860
925
245
891
454
474
82
341
754
920
306
76
490
189
363
188
212
676
556
528
555
575
62
272
541
540
730
265
620
688
505
425
57
631
905
732
433
403
599
434
277
711
775
221
308
346
321
515
411
275
902
800
918
497
458
291
890
307
466
170
318
836
267
23
470
336
746
100
430
436
463
842
311
111
242
563
632
10
SIMULASI 641 630 94 406 83 253 762 661 485 730 370 501 799 891 528 623 696 532 309 806 839 26 611 635 636 711 633 722 290 803 251 425 20 88 601 889 339 594 494 793 426 585 805 740 423 688 191 582 197 967 119 359 576 591 622 382 395 705 527 804 229 384 156 383 642 911 171 648 3 354 691 433 145 208 549 314 953 529 544 985 666 964 604 644 979 438 231 270 756 31 557 449 788 16 577 419 907 184 287 13 994 66 50 750 262 512 643 927 204 758 337 690 134 266 649 767 822 305 381 378 769 462 580 148 256 265 234 620 708 129 443 29 819 15 249 38 446 531 908 810 701 818 540 222 139 759 873 639 699 355 775 619 421 554 998 436 30 296 932 321 747 71 813 313 219 435 490 848 327 376 771 732 78 734 49 47 505 340 784 517 569 595 917 303 737 977 165 717 388 748 871 42 311 837 157 936 534 112 874 389 990 90 883 247 890 386 319 155 324 110 205 753 454 349 375 575 875 463 246 346 250 504 938 432 894 550 893 195 14 126 606 178 212 598 814 255 498 725 559 892 900 514 680 142 86 808 304 347 201 457 352 560 396 825 571 472 864 558 744 509 275 52 947 525 519 380 414 99 626 816 583 929 572 770 637 23 885 477 400 100 467 937 106 64 55 523 997 954 394 336 351 238 978 45 402 289 84 332 150 279 865 267 590 608 719 616 140 641 597 609 948 92 161 675 431 521 791 5 579 831 655 397 56 647 459 821 111 735 586 312 599 697 832 669 602 469 584 779 545 264 706 712 488 896 8 434 486 220 709 745 922 57 785 60 62 663 904 755 334 757 949 466 612 101 81 665 48 862 670 306 353 390 280 420 164 511 807 107 117 221 966 448 4 487 412 782 302 918 513 727 316 495 751 878 131 496 323 859 507 605 652 63 796 182 203 541 6 955 587 920 358 192 676 615 968 41 179 658 510 546 286 227 624 739 742 217 887 174 841 40 464 325 667 723 328 491 659 445 880 235 842 69 75 829 984 852 493 704 749 44 168 999 368 190 471 158 789 441 792 237 738 385 361 24 634 833 105 343 315 830 945 293 54 300 35 686 909 931 365 96 301 97 483 736 104 308 850 684 108 153 724 702 146 115 152 127 674 258 638 946 715 988 828 252 682 996 102 456 53 588 21 320 223 671 815 473 344 292 795 77 116 535 668 74 93 653 834 877 898 317 95 905 335 17 912 123 539 987 733 392 499 802 520 194 925 983 919 506 866 794 689 982 299 458 453 85 621 374 913 731 536 318 516 778 780 294 124 607 960 627 790 283 7 228 254 9 243 974 348 562 693 603 207 906 798 714 631 662 461 721 367 245 177 269 632 360 447 765 297 408 430 211 781 728 713 310 843 812 766 716 786 65 281 760 991 185 817 401 439 695 166 68 429 244 214 870 809 895 881 952 113 492 726 263 475 416 941 163 916 992 288 533 
KABUR 17 808
SIMULASI 638 420 84 818 870 668 682 813 395 837 621 487 918 576 585 249 887 856 48 922 206 252 460 666 926 272 984 152 572 212 831 69 108 908 516 815 374 864 567 808 671 936 763 582 676 565 173 752 897 898 65 906 488 667 769 914 725 319 942 119 112 304 282 36 144 289 386 105 467 555 602 302 261 890 118 859 406 842 1 358 31 98 50 192 225 213 990 789 92 968 339 829 151 983 566 822 873 600 230 51 502 702 448 28 327 639 62 127 563 713 267 323 163 967 819 976 981 57 97 228 547 545 552 966 68 491 945 205 400 939 740 824 52 417 75 691 175 378 992 795 326 925 81 241 737 160 181 982 661 901 888 402 461 492 689 546 844 985 663 716 780 647 518 804 489 365 635 825 171 955 345 688 807 904 40 991 198 403 485 243 659 674 882 440 242 401 96 293 528 186 410 935 994 710 728 78 969 385 246 288 611 58 841 564 718 483 745 197 507 894 903 200 834 960 54 432 860 296 438 321 954 535 340 21 34 514 199 301 143 847 868 553 472 869 941 56 314 690 650 509 892 700 229 755 193 166 428 539 4 176 995 909 758 209 292 523 510 919 686 370 636 692 132 316 993 727 29 765 616 606 497 952 776 577 396 110 708 462 104 424 762 255 634 899 13 382 506 63 865 951 927 113 754 471 774 560 22 433 940 399 463 85 159 512 705 736 548 999 156 334 820 537 297 853 366 331 473 6 342 435 645 443 221 998 598 17 338 704 706 393 759 562 494 454 138 142 817 511 101 266 477 884 787 324 529 153 503 115 20 956 558 653 95 55 835 923 332 588 913 826 970 414 549 182 474 679 9 222 99 500 187 343 70 407 743 265 786 997 895 450 573 379 828 18 53 310 361 189 800 208 207 505 794 335 290 928 569 962 446 117 146 291 397 920 810 251 493 574 654 233 347 669 933 779 278 33 756 389 299 607 809 973 978 791 280 425 910 82 147 522 977 520 501 760 744 699 959 238 336 190 381 673 161 742 422 367 376 792 408 362 482 712 592 469 256 123 655 224 231 427 596 27 245 180 405 517 855 614 419 351 87 100 388 49 775 612 445 785 490 73 781 536 556 67 617 675 269 687 916 215 866 1000 988 627 953 593 957 610 136 934 120 317 239 216 306 571 771 531 195 575 263 234 703 601 905 165 628 44 19 958 863 879 799 823 521 989 594 852 683 580 217 618 961 418 179 268 782 129 845 3 32 946 390 218 475 131 484 413 508 426 307 349 37 605 184 583 861 204 248 697 93 72 854 86 295 478 372 354 950 25 26 726 392 633 838 286 658 720 741 694 657 721 642 561 525 30 277 591 849 625 748 734 652 356 371 929 550 240 90 917 757 972 848 298 273 259 411 194 8 7 717 223 42 61 846 875 430 236 681 449 638 648 383 274 944 630 527 357 380 437 578 963 533 803 281 214 656 515 2 
KABUR 839 643
SUPER 161 142 903
SUPER 483 824 262
KABUR 651 271
KABUR 468 956
SUPER 472 820 906
SIMULASI 415 965 829 431 249 726 242 432 826 647 375 626 791 453 282 724 459 525 631 356 818 707 38 250 399 67 83 26 318 876 134 638 746 728 73 994 120 838 845 198 587 216 637 560 6 717 56 879 437 592 795 217 156 207 125 630 422 5 42 74 327 640 753 727 979 531 446 1 277 214 280 816 40 353 164 849 978 461 80 118 684 907 713 995 786 230 669 946 898 765 590 235 854 763 904 350 892 59 47 260 61 187 137 572 190 443 259 417 823 800 445 144 391 935 420 861 491 604 162 797 291 962 571 719 299 814 234 835 549 396 528 102 30 538 689 324 932 114 670 888 899 314 646 554 45 147 212 317 373 611 790 306 117 76 344 112 947 379 632 889 975 113 129 341 486 127 700 270 185 989 401 271 542 142 703 762 297 714 649 775 115 985 302 668 820 804 347 951 284 509 573 488 94 274 500 463 494 109 787 682 1000 830 157 911 36 103 9 691 912 837 648 436 378 987 305 213 878 842 958 710 205 367 179 62 862 785 759 300 340 709 54 239 296 252 550 877 831 747 872 661 281 462 410 78 376 104 178 16 227 108 623 253 269 225 339 720 683 868 11 71 465 636 123 441 941 708 254 860 202 10 894 945 426 141 456 470 49 474 652 316 548 174 730 744 522 817 387 863 770 65 116 821 651 170 527 756 388 381 778 930 136 882 408 507 366 694 24 311 471 547 971 231 599 200 257 751 917 33 58 39 409 584 89 150 561 964 128 384 606 864 875 605 891 736 900 582 428 967 680 681 346 2 704 180 206 893 884 455 767 273 31 545 855 392 245 323 503 768 155 982 479 579 960 72 315 906 418 942 602 725 425 430 289 489 754 458 701 643 22 69 264 383 897 176 275 152 53 34 188 434 920 601 569 298 424 403 645 168 415 8 991 607 810 969 777 416 788 220 335 696 478 321 555 832 954 801 
