1000 2000
2 1 10 6
3 1 10 4
4 3 3 2
5 4 5 9
6 5 4 5
7 3 4 6
8 7 8 3
9 7 7 10
10 5 2 9
11 5 4 4
12 8 6 6
13 7 10 9
14 2 3 2
15 2 1 9
16 9 9 3
17 7 4 5
18 2 9 5
19 1 3 1
20 16 10 5
21 8 1 3
22 3 9 2
23 14 8 2
24 3 10 6
25 7 1 10
26 11 10 4
27 4 3 6
28 3 9 4
29 20 8 2
30 9 5 6
31 10 6 3
32 28 7 8
33 4 7 1
34 2 4 5
35 15 5 6
36 30 5 3
37 18 10 4
38 5 7 7
39 9 6 3
40 31 9 4
41 30 10 6
42 22 3 1
43 4 6 2
44 18 6 9
45 11 3 3
46 38 1 6
47 42 1 8
48 23 2 5
49 27 5 1
50 23 3 4
51 46 1 3
52 42 3 1
53 27 1 4
54 11 7 8
55 9 1 4
56 9 1 3
57 4 5 7
58 36 5 7
59 46 3 2
60 51 10 1
61 30 10 6
62 36 7 3
63 18 5 7
64 9 7 8
65 37 3 9
66 55 8 3
67 33 5 4
68 52 10 9
69 49 8 2
70 14 3 2
71 12 6 7
72 6 9 10
73 72 2 6
74 66 8 6
75 34 4 6
76 71 9 4
77 45 2 8
78 15 3 10
79 66 8 4
80 64 1 5
81 9 6 8
82 74 7 1
83 17 9 7
84 78 8 4
85 24 6 4
86 15 10 1
87 2 2 6
88 5 7 9
89 83 6 9
90 50 6 9
91 81 6 8
92 45 5 7
93 57 8 7
94 20 7 4
95 3 9 9
96 26 6 6
97 80 9 3
98 21 6 1
99 40 2 7
100 3 2 6
101 8 3 10
102 94 2 2
103 88 4 5
104 99 7 5
105 52 8 7
106 67 9 2
107 66 8 7
108 92 7 3
109 6 5 7
110 93 7 8
111 72 9 8
112 75 3 6
113 50 10 8
114 13 3 10
115 28 8 4
116 1 7 2
117 67 8 2
118 5 6 8
119 12 7 8
120 112 3 9
121 116 7 10
122 27 5 2
123 66 8 7
124 10 4 3
125 59 2 8
126 37 10 6
127 31 1 5
128 83 2 9
129 38 10 7
130 119 2 7
131 108 4 7
132 22 5 4
133 88 3 4
134 29 2 10
135 49 7 9
136 128 9 8
137 114 8 8
138 14 4 9
139 18 8 5
140 90 8 4
141 57 2 8
142 64 1 8
143 103 10 8
144 142 9 6
145 4 10 10
146 90 8 5
147 70 1 9
148 106 7 1
149 109 9 6
150 74 7 1
151 92 5 10
152 64 9 1
153 111 2 1
154 15 1 4
155 67 1 6
156 86 2 4
157 43 8 3
158 97 10 10
159 122 5 5
160 93 8 5
161 70 3 9
162 154 9 5
163 57 10 8
164 97 5 6
165 47 7 6
166 106 1 2
167 111 6 3
168 113 7 7
169 3 2 9
170 113 6 4
171 160 9 6
172 117 10 3
173 34 8 7
174 127 4 1
175 150 7 3
176 76 8 1
177 33 1 2
178 123 10 2
179 6 8 6
180 123 3 8
181 141 4 4
182 54 9 8
183 172 3 8
184 181 1 9
185 85 4 1
186 77 3 2
187 103 5 7
188 122 8 3
189 78 9 8
190 117 7 5
191 66 4 8
192 118 7 1
193 16 4 9
194 152 5 2
195 90 2 5
196 17 9 8
197 23 1 8
198 23 7 7
199 48 3 6
200 2 5 5
201 45 3 5
202 160 2 9
203 157 2 9
204 24 6 3
205 34 8 7
206 174 3 6
207 2 5 9
208 143 6 6
209 9 4 9
210 113 7 6
211 38 1 9
212 201 7 3
213 107 10 5
214 204 3 2
215 81 1 5
216 21 2 2
217 156 9 6
218 118 9 1
219 51 3 10
220 22 8 1
221 154 4 4
222 138 6 8
223 122 7 1
224 3 7 7
225 4 7 8
226 135 10 3
227 170 5 10
228 116 3 4
229 71 6 3
230 204 3 3
231 156 4 1
232 170 10 6
233 50 10 1
234 7 6 3
235 192 3 7
236 15 4 3
237 135 8 3
238 112 4 2
239 146 9 6
240 180 7 1
241 74 2 2
242 52 9 8
243 31 7 4
244 111 1 7
245 75 4 2
246 235 7 1
247 68 2 10
248 173 9 5
249 110 1 6
250 239 1 1
251 201 3 10
252 14 3 7
253 57 1 10
254 118 1 2
255 229 2 4
256 55 2 1
257 35 1 5
258 152 6 6
259 177 4 4
260 69 3 1
261 88 3 8
262 245 6 8
263 241 8 8
264 18 1 6
265 89 9 7
266 152 10 8
267 109 10 9
268 124 7 10
269 71 6 3
270 8 1 5
271 219 7 1
272 157 10 9
273 6 5 3
274 78 8 1
275 238 3 6
276 130 8 3
277 61 6 1
278 162 3 6
279 25 4 6
280 158 8 2
281 43 1 6
282 222 3 6
283 19 3 5
284 63 7 8
285 266 1 4
286 168 5 3
287 57 5 5
288 210 2 10
289 267 10 2
290 286 3 4
291 3 3 6
292 85 2 6
293 236 6 9
294 133 10 9
295 44 4 3
296 40 10 7
297 203 6 9
298 284 7 4
299 101 4 10
300 59 6 8
301 29 1 5
302 66 5 5
303 181 7 3
304 91 7 7
305 188 8 2
306 156 8 1
307 269 9 10
308 36 9 7
309 26 2 3
310 147 6 8
311 110 7 7
312 96 5 5
313 41 8 7
314 313 8 9
315 234 10 7
316 225 8 10
317 201 3 9
318 59 5 10
319 280 4 5
320 18 9 9
321 223 6 8
322 225 1 5
323 93 8 2
324 181 9 1
325 21 1 5
326 158 9 9
327 64 2 1
328 81 2 1
329 134 2 4
330 147 2 3
331 242 9 5
332 183 7 5
333 298 10 6
334 75 3 7
335 151 10 1
336 43 3 9
337 252 5 10
338 262 8 8
339 70 1 2
340 155 6 1
341 249 2 2
342 74 7 7
343 106 6 7
344 185 1 3
345 42 5 8
346 148 7 1
347 161 1 8
348 125 3 2
349 143 3 1
350 46 9 5
351 147 4 9
352 154 3 6
353 60 9 9
354 306 7 3
355 110 4 6
356 298 4 9
357 314 1 5
358 54 10 5
359 301 4 1
360 253 2 6
361 124 7 4
362 6 7 1
363 24 8 9
364 243 4 6
365 177 5 10
366 234 7 9
367 33 9 7
368 331 5 1
369 102 2 2
370 248 8 3
371 237 6 5
372 302 3 6
373 7 5 10
374 23 8 9
375 185 8 1
376 17 1 9
377 37 10 2
378 103 8 2
379 204 4 10
380 17 7 6
381 243 1 10
382 107 1 6
383 231 8 1
384 8 1 8
385 324 3 7
386 116 10 6
387 258 5 9
388 315 6 8
389 348 2 3
390 145 6 3
391 128 4 9
392 111 2 1
393 229 7 1
394 106 7 6
395 13 2 10
396 391 5 7
397 325 10 9
398 385 6 8
399 376 10 5
400 46 3 10
401 267 4 10
402 27 10 8
403 365 3 1
404 65 3 7
405 82 6 8
406 333 2 7
407 187 10 1
408 157 9 1
409 266 1 4
410 192 8 8
411 289 2 7
412 333 8 4
413 21 7 6
414 186 7 2
415 352 2 3
416 95 7 1
417 149 10 2
418 377 8 10
419 31 9 4
420 243 3 6
421 261 3 1
422 125 7 9
423 63 1 7
424 218 2 10
425 119 8 5
426 223 2 1
427 105 4 3
428 52 9 9
429 109 4 5
430 39 6 7
431 266 1 9
432 130 7 4
433 346 4 6
434 350 7 2
435 189 2 10
436 263 4 8
437 232 9 1
438 293 2 10
439 4 2 4
440 173 3 9
441 354 6 3
442 174 8 6
443 71 8 10
444 366 8 7
445 113 2 5
446 350 8 2
447 136 9 2
448 46 7 5
449 401 7 8
450 165 3 9
451 6 2 7
452 270 3 9
453 368 5 3
454 372 1 9
455 162 8 8
456 5 10 8
457 140 4 2
458 377 8 2
459 256 9 8
460 362 3 2
461 62 8 4
462 392 9 4
463 35 9 8
464 453 7 1
465 195 8 5
466 418 6 4
467 253 10 2
468 187 6 3
469 396 6 3
470 20 8 7
471 382 4 6
472 257 2 6
473 180 10 9
474 65 2 9
475 354 10 5
476 148 8 4
477 308 9 7
478 455 5 10
479 66 8 10
480 422 10 5
481 376 10 1
482 79 8 8
483 66 6 4
484 444 8 5
485 205 9 10
486 89 9 4
487 304 10 1
488 240 5 3
489 299 5 10
490 476 10 6
491 431 4 7
492 218 7 4
493 190 2 6
494 335 4 9
495 100 5 9
496 340 10 3
497 183 8 4
498 322 7 8
499 498 7 7
500 238 7 7
501 74 4 6
502 257 10 3
503 161 4 1
504 386 5 1
505 384 8 7
506 326 2 1
507 58 10 9
508 465 5 3
509 288 10 3
510 274 3 8
511 474 7 9
512 296 9 6
513 264 4 4
514 379 7 3
515 395 1 8
516 142 4 6
517 432 4 1
518 120 7 1
519 28 7 10
520 2 4 1
521 492 10 4
522 39 7 9
523 428 8 1
524 295 8 3
525 228 8 4
526 60 8 8
527 296 3 4
528 149 5 6
529 5 1 7
530 137 7 4
531 13 3 9
532 411 3 5
533 291 8 9
534 10 10 3
535 46 5 9
536 419 2 6
537 86 10 3
538 214 10 6
539 387 6 5
540 85 1 8
541 96 6 9
542 100 10 9
543 335 8 7
544 167 4 10
545 451 7 5
546 496 7 8
547 435 10 4
548 14 5 1
549 142 3 6
550 531 6 10
551 160 5 7
552 68 1 6
553 135 2 8
554 27 7 4
555 323 5 9
556 446 3 7
557 348 3 7
558 260 5 4
559 544 7 2
560 109 1 8
561 93 10 10
562 523 2 1
563 124 1 3
564 250 8 5
565 41 6 9
566 204 3 4
567 161 10 10
568 71 5 3
569 543 1 9
570 458 9 5
571 41 5 1
572 56 6 8
573 213 6 1
574 78 4 8
575 424 7 4
576 77 1 5
577 552 6 4
578 393 5 10
579 495 7 10
580 572 8 10
581 206 3 8
582 549 1 2
583 128 1 7
584 513 9 2
585 261 5 3
586 415 8 10
587 565 5 5
588 443 4 4
589 518 4 7
590 392 5 6
591 34 2 3
592 75 8 10
593 143 3 8
594 573 4 4
595 133 8 5
596 72 3 7
597 22 7 8
598 328 2 6
599 63 5 2
600 579 3 7
601 473 1 2
602 143 2 5
603 246 2 1
604 409 1 8
605 152 10 6
606 229 10 3
607 17 3 6
608 478 1 1
609 472 10 8
610 197 5 2
611 112 9 10
612 520 5 9
613 4 10 8
614 355 2 10
615 37 3 1
616 335 10 1
617 589 5 4
618 23 1 10
619 27 7 1
620 497 7 1
621 247 7 10
622 508 7 9
623 428 3 7
624 415 8 10
625 347 10 10
626 133 10 7
627 100 10 2
628 485 3 10
629 482 3 4
630 511 3 3
631 481 2 10
632 188 6 1
633 598 8 9
634 153 1 8
635 199 1 10
636 126 1 4
637 234 10 5
638 472 10 1
639 4 9 10
640 345 9 6
641 113 6 8
642 384 3 8
643 24 9 7
644 429 2 5
645 548 2 6
646 389 9 2
647 152 8 5
648 502 6 10
649 23 3 3
650 15 9 7
651 541 4 4
652 33 9 4
653 466 8 1
654 158 2 3
655 284 10 7
656 40 2 7
657 130 2 2
658 216 9 8
659 396 9 4
660 375 6 10
661 571 6 4
662 429 3 4
663 21 4 6
664 481 9 9
665 94 2 8
666 448 1 2
667 406 5 5
668 32 6 6
669 238 10 4
670 552 1 6
671 184 7 5
672 78 5 4
673 309 3 6
674 71 6 1
675 343 7 10
676 483 6 9
677 323 4 6
678 280 9 8
679 361 3 5
680 623 5 9
681 355 8 4
682 224 8 8
683 75 10 5
684 576 6 8
685 635 2 2
686 229 1 10
687 303 7 8
688 6 4 8
689 531 2 6
690 431 7 6
691 192 5 5
692 687 8 5
693 231 1 9
694 107 8 4
695 43 4 3
696 358 3 1
697 423 7 7
698 628 5 6
699 690 2 10
700 113 10 7
701 37 7 8
702 561 9 8
703 624 2 7
704 130 8 10
705 163 4 1
706 660 10 1
707 142 9 3
708 176 6 5
709 496 6 2
710 424 5 6
711 490 10 4
712 34 5 7
713 338 10 8
714 518 6 9
715 494 3 6
716 274 2 10
717 527 2 2
718 69 7 3
719 206 3 3
720 115 3 3
721 254 4 5
722 459 2 9
723 412 10 1
724 328 10 5
725 481 7 9
726 72 2 7
727 169 10 6
728 622 4 2
729 43 1 7
730 540 9 9
731 582 4 7
732 388 10 2
733 485 4 3
734 516 2 2
735 606 9 8
736 409 8 10
737 508 7 3
738 151 9 2
739 688 6 10
740 453 8 2
741 183 9 7
742 337 7 3
743 134 9 7
744 498 2 10
745 419 5 5
746 316 8 5
747 589 2 6
748 268 7 4
749 140 8 6
750 344 1 2
751 711 7 4
752 162 8 2
753 260 2 7
754 246 4 4
755 337 6 2
756 599 6 4
757 365 8 4
758 163 1 7
759 580 1 3
760 593 10 3
761 713 9 9
762 147 9 3
763 44 7 6
764 442 5 3
765 76 9 1
766 590 2 9
767 134 2 5
768 396 3 6
769 126 9 10
770 481 3 5
771 253 8 4
772 95 5 3
773 304 4 10
774 591 1 4
775 710 1 8
776 218 5 8
777 734 8 3
778 633 7 7
779 392 10 1
780 168 3 6
781 320 6 8
782 395 10 2
783 661 9 7
784 206 5 4
785 115 7 1
786 285 9 4
787 439 6 8
788 449 3 10
789 48 8 1
790 340 9 3
791 61 9 6
792 329 8 8
793 401 9 9
794 534 9 4
795 444 1 8
796 287 1 4
797 373 9 9
798 49 1 7
799 797 9 6
800 777 8 9
801 715 3 8
802 167 4 7
803 165 9 8
804 747 9 7
805 468 9 3
806 415 4 7
807 42 5 6
808 263 6 3
809 267 7 8
810 418 7 3
811 70 5 7
812 271 6 10
813 779 1 6
814 672 10 8
815 738 9 6
816 76 6 8
817 797 6 8
818 359 3 10
819 650 8 4
820 195 8 8
821 148 9 5
822 67 8 2
823 20 8 5
824 765 3 9
825 412 7 1
826 513 8 1
827 627 2 2
828 191 4 2
829 636 7 2
830 158 3 6
831 150 5 6
832 99 6 6
833 706 9 7
834 108 2 1
835 661 5 8
836 645 6 9
837 94 10 3
838 489 1 1
839 486 7 1
840 765 2 9
841 331 9 8
842 670 2 9
843 111 7 9
844 825 9 7
845 151 10 1
846 322 4 6
847 158 4 10
848 623 2 4
849 194 5 7
850 246 7 7
851 476 2 2
852 482 7 7
853 107 3 6
854 25 5 8
855 48 6 5
856 279 4 9
857 169 2 4
858 82 3 5
859 195 1 1
860 397 6 10
861 374 7 8
862 713 1 9
863 711 4 8
864 306 5 3
865 4 3 5
866 568 8 1
867 482 8 2
868 20 6 2
869 582 8 5
870 411 10 4
871 617 1 1
872 347 3 4
873 229 7 9
874 207 5 1
875 123 5 10
876 350 4 4
877 70 7 7
878 100 6 2
879 198 3 10
880 404 5 10
881 352 8 5
882 152 3 10
883 755 5 8
884 276 2 1
885 81 8 6
886 722 4 9
887 634 9 1
888 91 4 9
889 752 3 1
890 825 8 2
891 571 6 7
892 773 1 8
893 34 9 1
894 239 5 3
895 48 10 8
896 580 5 10
897 687 8 3
898 575 7 1
899 384 6 1
900 133 9 6
901 56 9 1
902 869 1 6
903 424 10 3
904 319 1 7
905 321 1 10
906 744 7 8
907 255 6 3
908 202 2 8
909 667 8 1
910 270 6 2
911 11 4 6
912 43 5 3
913 329 4 9
914 717 7 10
915 379 8 1
916 735 6 8
917 564 9 10
918 222 9 6
919 54 5 1
920 138 4 3
921 569 2 4
922 703 10 2
923 188 4 8
924 252 5 1
925 180 9 7
926 594 4 1
927 512 9 10
928 267 4 2
929 293 6 7
930 424 1 7
931 319 2 4
932 394 1 10
933 469 5 5
934 603 5 7
935 715 10 10
936 912 6 6
937 640 5 3
938 696 4 9
939 444 8 5
940 701 7 1
941 402 2 4
942 129 3 5
943 404 8 5
944 571 2 3
945 460 10 8
946 47 2 9
947 775 7 4
948 661 8 7
949 378 6 9
950 55 3 10
951 594 9 6
952 678 3 7
953 605 6 10
954 713 10 2
955 409 9 3
956 639 4 3
957 784 10 6
958 482 3 8
959 81 1 5
960 525 4 4
961 389 3 2
962 434 6 2
963 460 10 3
964 791 5 10
965 416 8 5
966 47 9 7
967 343 6 6
968 36 2 10
969 832 10 3
970 103 2 4
971 127 9 7
972 201 8 3
973 739 4 5
974 627 2 10
975 551 7 5
976 617 8 8
977 633 4 6
978 53 7 1
979 739 8 1
980 688 4 1
981 50 9 1
982 484 1 9
983 155 9 7
984 717 5 8
985 626 9 3
986 520 8 7
987 683 1 8
988 203 5 4
989 183 5 8
990 608 8 5
991 789 4 2
992 701 1 4
993 688 7 6
994 909 7 7
995 562 3 10
996 143 9 7
997 581 4 8
998 363 7 2
999 852 9 7
1000 890 9 3
43 643 4 3
938 370 4 3
286 958 10 5
751 929 5 4
160 117 10 6
703 781 5 10
641 657 2 3
971 286 9 8
666 428 6 8
20 726 6 5
109 317 2 3
491 934 2 6
722 167 4 3
218 630 4 1
68 402 7 3
688 656 1 6
33 727 9 10
167 268 4 7
556 559 8 10
464 140 4 9
494 52 1 1
572 641 7 1
191 101 4 10
676 444 6 3
280 429 10 8
858 405 10 5
723 731 4 1
61 813 7 4
721 482 3 1
63 511 2 3
786 202 6 5
441 394 7 2
896 100 9 2
445 719 8 7
715 498 5 10
498 992 9 6
821 227 4 10
594 214 6 10
766 82 4 9
567 882 8 2
656 39 8 8
992 796 7 3
699 178 4 4
471 54 6 5
713 694 6 6
750 448 9 6
58 956 8 10
572 132 3 6
568 723 6 7
100 787 2 4
403 461 5 2
221 294 2 9
173 644 5 9
922 661 1 7
574 56 4 8
130 537 9 3
808 186 2 8
872 509 7 9
155 323 4 4
499 208 7 1
249 84 4 10
854 179 6 10
427 158 7 10
616 720 6 4
785 834 2 7
620 536 2 8
684 106 4 10
265 436 4 7
206 126 5 1
202 236 8 8
639 94 7 3
830 682 7 2
753 197 6 3
600 246 2 10
21 924 6 2
248 994 5 4
291 66 9 1
638 759 9 5
28 953 4 9
957 949 5 9
587 635 7 4
125 486 6 4
286 263 2 1
486 75 2 7
984 928 6 7
875 892 8 9
258 222 4 6
300 563 7 4
614 467 7 7
177 716 4 1
356 409 6 1
816 368 9 6
513 196 8 8
753 955 6 5
77 255 9 5
167 830 10 9
779 387 9 10
466 426 2 9
625 967 5 6
771 888 8 1
387 174 3 9
251 945 9 9
289 249 1 2
556 165 2 5
531 720 8 8
638 239 7 1
483 68 2 6
178 174 9 9
602 879 3 7
474 981 5 1
384 417 2 9
126 339 9 5
760 916 7 5
431 154 10 7
1 359 2 7
78 691 5 3
437 550 10 6
341 703 1 5
76 111 1 1
620 350 3 8
289 885 5 9
980 283 3 1
899 753 2 3
142 757 2 6
180 587 10 6
252 423 1 2
964 316 2 3
494 496 4 8
246 662 4 7
381 642 4 2
1 449 6 1
931 78 4 2
383 782 1 6
567 917 6 4
825 735 9 8
852 680 7 5
215 444 6 2
107 376 8 5
204 990 7 8
867 798 1 1
991 399 8 5
159 90 7 5
329 216 3 6
935 527 9 8
493 289 8 8
756 644 2 10
178 523 5 4
136 947 7 3
914 943 1 10
811 301 10 1
206 39 9 1
214 251 6 1
407 931 1 7
730 206 6 5
541 357 4 3
393 567 2 2
66 637 3 9
443 6 9 10
359 565 7 2
353 46 2 7
933 860 9 8
669 486 8 7
525 38 5 4
142 809 9 8
999 897 8 4
255 422 4 2
909 320 5 5
408 695 4 7
352 180 2 1
131 277 3 7
752 237 5 6
600 121 10 4
791 444 10 9
672 28 2 4
366 602 9 1
419 858 3 2
311 519 2 8
735 814 4 10
370 435 9 2
770 13 7 6
615 971 8 1
268 458 7 6
168 448 6 6
79 365 1 5
935 349 9 7
995 103 3 10
939 833 2 6
106 929 4 1
471 229 2 10
189 12 5 2
578 771 10 2
252 218 5 6
343 36 2 6
296 530 5 2
758 161 7 10
363 391 5 3
751 866 10 5
53 321 2 9
845 625 6 7
592 361 2 4
791 742 8 7
165 528 3 5
360 539 2 8
116 119 10 2
464 873 3 9
862 768 5 7
599 896 10 3
893 474 6 10
552 690 2 3
706 336 1 1
75 408 2 1
221 386 10 10
680 562 6 3
56 129 4 10
546 506 9 10
467 638 3 7
657 937 6 3
615 714 9 8
886 639 3 6
382 415 4 4
849 486 2 5
41 20 6 7
573 870 10 3
736 788 6 10
146 49 2 3
389 295 10 2
1 360 3 10
80 950 2 10
906 771 3 5
83 978 2 7
280 732 9 1
782 188 2 10
27 732 9 4
483 45 5 9
396 203 4 9
578 495 3 7
564 363 5 6
517 177 6 8
660 269 8 2
748 46 1 9
269 289 2 7
577 718 10 9
456 145 6 5
852 738 7 10
166 502 7 9
463 483 8 8
600 96 6 10
466 427 3 6
567 953 9 6
511 105 10 9
892 985 7 9
975 360 8 1
920 506 5 6
578 296 9 2
84 997 9 9
721 666 9 5
209 730 5 3
462 359 9 3
400 955 4 5
953 984 6 2
226 297 4 1
356 942 5 3
840 196 9 1
384 651 2 10
811 718 8 2
613 598 1 8
612 888 3 4
604 722 1 8
316 10 10 3
335 719 5 2
724 926 4 8
967 750 8 2
798 196 4 2
668 488 9 4
705 790 10 3
47 199 3 10
663 205 1 2
595 978 4 2
809 170 4 3
894 644 9 10
896 661 10 2
491 220 8 9
966 207 2 8
51 181 5 8
170 955 1 7
342 751 5 10
654 152 1 4
590 364 4 4
228 607 3 4
579 443 2 9
299 402 10 1
407 70 7 4
613 706 4 3
98 383 5 7
876 560 4 1
222 582 10 3
639 708 7 5
691 387 5 4
640 448 10 6
411 34 6 6
705 308 8 3
462 385 5 9
937 650 2 1
534 242 9 7
330 907 10 1
827 550 9 8
574 760 9 10
919 271 4 1
468 105 4 2
482 453 6 2
895 151 5 1
542 945 7 2
142 701 1 6
531 620 6 10
132 210 7 8
843 215 7 4
736 151 2 9
591 955 4 7
965 102 3 9
686 457 7 4
826 568 1 2
140 603 10 2
842 70 6 5
960 529 3 8
21 960 9 1
907 676 9 3
139 904 9 3
23 964 4 3
15 742 10 1
949 757 2 7
776 228 9 1
85 909 8 1
929 195 10 2
288 878 4 2
874 555 3 4
312 874 8 5
803 478 8 9
134 209 6 9
279 61 1 2
298 147 10 5
366 688 1 10
157 323 7 6
616 449 4 5
538 585 7 5
592 865 4 5
623 583 4 8
846 880 9 3
199 4 6 9
555 376 2 4
939 123 1 4
183 449 1 10
67 475 10 5
797 245 5 5
273 471 7 2
453 493 7 6
565 383 2 9
248 985 9 1
633 948 1 7
783 547 10 7
117 383 9 7
475 564 1 5
923 346 2 5
728 25 10 1
744 323 7 1
793 305 10 5
769 487 2 8
695 921 2 3
362 595 1 10
114 394 3 1
893 449 4 4
140 573 10 3
803 601 4 1
412 67 2 5
772 845 3 2
197 181 6 7
467 613 1 8
727 371 2 7
55 34 6 8
428 552 3 8
970 814 4 9
363 587 4 7
781 705 4 4
663 55 9 4
912 237 10 10
120 619 9 6
853 826 10 6
856 529 9 4
933 865 5 3
711 138 1 6
57 100 3 2
662 759 10 9
402 899 8 8
446 264 5 5
720 120 9 1
880 424 10 9
453 435 8 10
454 479 10 3
66 5 7 3
872 653 2 4
887 736 10 1
160 836 9 4
591 764 3 9
869 358 6 4
617 227 9 4
514 970 9 8
639 349 5 4
143 266 1 5
937 395 3 2
814 575 7 5
346 303 4 2
150 929 3 4
233 665 7 3
490 507 8 10
816 594 5 5
826 828 3 5
71 452 3 1
24 767 9 9
825 615 1 9
348 867 2 1
237 861 10 5
447 402 9 4
189 606 7 6
706 526 3 10
938 123 4 10
262 878 2 7
252 398 3 1
477 267 9 5
134 439 2 8
39 448 1 10
447 296 6 1
77 269 5 8
977 825 5 2
841 858 1 9
140 635 1 4
139 50 10 4
250 984 5 6
180 684 9 8
285 520 6 5
213 938 10 5
347 949 3 4
480 926 10 9
560 191 1 4
157 271 6 2
580 999 9 2
253 54 5 10
719 975 5 1
394 686 7 3
739 895 4 10
731 599 9 2
168 968 5 4
83 554 8 5
113 12 10 2
386 375 6 1
501 68 1 6
922 632 2 2
198 951 4 6
555 759 1 7
29 968 9 1
846 523 8 8
442 600 5 4
668 326 3 6
936 743 10 2
527 585 5 9
278 406 4 1
694 908 3 8
758 631 8 7
453 650 3 9
792 402 8 3
922 139 6 5
415 976 4 9
208 527 7 8
354 11 5 2
390 177 7 5
723 579 1 10
656 704 10 2
426 218 2 4
852 990 1 1
986 16 4 8
389 292 7 8
874 54 9 9
371 707 6 9
924 510 4 7
535 844 5 10
937 208 5 9
418 320 5 1
745 381 10 5
798 359 9 6
694 543 10 6
107 188 10 1
441 79 9 5
314 446 8 6
627 156 3 5
797 151 10 1
253 849 7 1
620 297 5 6
831 711 5 8
144 563 3 7
755 886 7 10
490 23 9 4
338 7 4 10
804 93 2 1
277 644 4 6
182 832 6 2
308 261 9 5
105 136 4 3
401 851 5 10
182 989 3 8
21 424 4 6
471 858 3 1
553 524 5 4
660 414 5 9
245 801 10 1
870 259 4 2
963 399 3 7
951 762 1 1
644 271 9 5
926 996 5 4
377 155 2 9
334 466 2 2
827 307 2 4
352 445 7 3
506 193 8 9
939 781 7 8
8 805 8 7
826 93 8 3
638 336 4 5
941 540 1 1
996 708 4 6
381 189 3 4
53 569 4 10
388 687 2 5
88 608 1 4
786 60 3 4
727 11 10 6
352 861 9 8
626 907 9 7
703 411 7 1
740 847 3 8
49 903 4 1
924 946 9 9
702 161 2 10
628 693 8 7
903 764 5 7
829 648 5 4
541 855 10 3
215 476 7 10
946 788 1 4
892 499 2 6
950 829 6 8
925 957 2 4
946 217 1 1
291 699 8 6
64 882 7 9
782 119 2 7
448 433 3 6
961 353 2 7
91 118 2 8
843 931 7 4
858 644 5 5
854 933 1 9
319 579 5 9
466 360 4 7
74 107 2 4
410 542 5 5
964 302 2 6
613 895 3 2
894 798 8 10
957 117 9 1
954 362 3 1
562 384 10 7
496 660 8 7
7 729 1 1
713 477 10 4
203 978 4 8
150 638 6 10
800 979 10 9
865 191 6 8
63 909 4 7
930 251 8 2
624 514 4 1
90 377 9 7
717 90 8 2
947 452 6 5
247 383 6 4
780 923 4 1
751 777 6 9
368 680 8 7
446 506 9 6
872 28 3 10
348 777 5 8
35 568 3 2
371 178 4 10
484 613 2 2
20 107 5 8
331 283 4 10
407 7 10 8
130 709 6 7
359 567 3 1
352 923 4 9
363 139 7 5
928 669 6 3
589 884 8 5
922 701 3 7
389 667 10 7
464 236 8 9
598 290 7 6
657 59 8 3
367 626 3 10
104 763 6 9
834 650 7 6
445 109 2 1
680 694 3 7
330 762 7 7
553 700 1 7
271 602 8 7
40 287 10 7
597 184 3 8
716 335 8 1
749 99 9 7
782 822 1 2
401 662 5 3
233 556 8 3
720 856 9 9
804 411 5 9
245 787 8 7
529 395 2 3
537 688 7 7
425 837 10 4
515 240 9 9
693 514 5 1
318 483 1 7
653 828 7 7
218 164 3 7
187 316 4 1
673 978 6 3
768 842 6 4
723 888 5 3
325 535 10 7
936 941 4 8
506 205 2 9
604 595 6 2
18 468 6 9
261 19 2 6
204 269 7 6
294 326 4 2
769 170 3 5
263 189 9 10
524 755 4 5
569 265 10 2
900 466 7 5
814 811 3 1
163 878 10 2
237 227 1 1
882 347 5 10
34 812 1 8
890 744 4 8
403 797 2 6
611 206 1 6
722 136 3 2
167 118 9 5
745 478 6 2
511 602 9 8
856 648 10 5
163 114 9 3
113 287 8 1
118 344 4 9
636 284 8 8
103 588 9 10
241 487 1 2
48 440 9 3
812 355 8 4
34 956 7 10
283 591 10 1
557 513 6 4
969 926 7 1
19 896 8 7
614 695 10 3
125 443 1 7
675 428 10 8
100 163 4 7
194 846 1 10
473 688 1 5
82 438 2 5
252 371 10 9
902 901 6 3
719 838 2 2
599 499 5 8
83 161 5 5
284 971 8 1
504 613 5 1
416 900 2 3
73 588 3 3
75 353 8 2
125 806 10 4
999 457 7 5
566 916 5 8
299 118 1 7
412 328 3 5
666 425 9 6
346 931 9 8
756 307 1 8
887 548 5 6
459 845 4 7
661 814 6 5
463 287 3 10
21 770 3 3
976 388 7 2
247 720 2 3
938 580 5 5
709 881 1 4
779 903 1 10
872 343 4 7
926 191 2 4
913 146 5 4
995 365 7 7
585 715 5 3
235 546 8 8
160 748 8 7
416 543 2 1
816 77 10 9
530 197 10 2
226 696 2 2
290 781 10 1
327 133 6 4
377 847 9 7
719 558 10 6
921 326 2 2
868 522 5 4
674 185 10 3
991 764 7 9
333 946 1 10
777 853 10 3
291 651 8 9
554 925 2 3
886 691 2 6
412 61 9 9
902 612 7 6
264 911 6 8
316 62 6 2
823 195 9 2
626 492 8 4
889 891 6 10
39 910 10 8
425 951 6 7
382 940 5 8
30 704 1 2
472 249 9 4
361 640 3 2
732 668 7 4
45 615 1 7
77 431 8 2
985 926 5 6
843 323 4 8
607 855 3 1
103 353 10 10
456 859 6 5
331 882 4 5
973 913 6 9
559 375 7 2
606 620 1 4
836 224 5 3
229 253 9 1
388 816 10 6
11 420 10 3
294 142 2 1
393 938 5 5
429 372 4 7
119 720 8 8
473 108 9 3
472 712 1 9
356 93 8 3
851 235 9 5
78 441 6 2
41 529 4 1
144 905 3 7
21 563 4 1
827 509 4 4
270 282 6 6
144 736 6 2
566 16 6 2
633 385 9 9
430 574 6 6
446 531 2 4
815 523 4 5
633 661 6 1
961 978 10 8
1 537 1 5
446 884 5 7
561 624 10 10
735 409 8 9
425 515 2 10
445 74 7 8
107 411 2 5
192 193 7 9
14 905 5 10
162 878 9 4
565 110 7 10
228 90 2 6
976 490 6 5
303 199 9 9
17 104 3 8
475 254 5 6
71 439 8 2
242 718 2 5
973 737 7 5
981 690 4 9
996 159 10 7
813 411 8 10
187 522 2 10
787 192 8 8
21 43 8 6
39 821 8 4
498 827 1 7
379 904 9 7
379 843 6 1
32 732 3 2
930 171 10 10
439 962 4 9
79 790 7 8
608 193 1 8
75 499 9 6
677 477 9 8
375 332 5 3
183 660 3 2
781 866 2 9
823 721 4 9
645 446 7 5
869 620 7 6
832 417 5 2
347 983 4 2
431 756 9 10
26 866 6 4
356 576 5 7
587 831 10 4
775 61 5 3
510 334 10 10
257 870 8 7
774 808 4 9
204 538 5 3
122 559 4 4
232 355 7 8
467 3 2 4
134 659 3 2
196 877 9 7
167 745 2 6
572 775 3 9
733 662 4 4
85 89 4 5
223 869 5 3
48 5 1 5
416 846 9 3
822 787 2 3
113 538 5 1
439 924 5 10
553 113 3 5
261 90 3 8
83 125 9 3
633 581 4 5
655 576 8 7
500 735 2 6
575 745 7 1
94 160 1 1
755 890 5 1
929 41 9 1
796 964 5 2
334 212 5 9
91 720 9 3
958 353 7 5
529 630 2 2
122 666 3 4
280 49 5 3
474 391 6 8
584 80 4 8
144 393 4 2
2 446 8 7
917 594 3 9
592 922 2 8
505 978 4 4
571 844 10 10
150 309 1 3
388 41 8 10
46 706 2 6
765 330 2 5
249 980 8 9
869 240 10 9
904 843 4 2
677 900 2 9
588 361 4 10
103 672 5 4
574 934 7 4
259 540 3 7
735 260 6 4
843 624 5 7
816 4 8 6
807 399 2 7
450 966 8 7
585 129 5 2
606 396 4 6
634 359 9 4
149 79 3 5
362 651 5 2
160 532 8 4
350 546 10 10
540 762 3 10
448 187 3 6
43 645 8 5
257 738 8 1
381 440 8 5
274 440 3 10
907 34 10 9
340 639 10 9
38 485 3 9
951 887 5 9
592 467 8 8
173 498 7 6
825 915 3 10
623 200 5 5
658 311 7 1
926 18 9 5
444 480 9 9
642 122 2 8
729 886 5 7
589 864 5 7
25 932 6 7
328 189 1 10
277 26 3 2
436 67 7 2
462 992 5 10
593 522 4 1
790 48 10 1
562 156 6 10
749 867 7 1
270 393 3 3
284 595 5 8
334 386 8 2
637 815 10 6
253 417 3 8
864 680 3 7
154 374 10 10
662 929 7 1
831 483 4 3
344 370 10 10
645 872 3 5
744 515 7 8
205 646 5 10
541 231 1 7
575 999 1 5
147 669 5 1
85 531 8 1
744 128 10 10
944 412 5 7
159 31 2 9
969 274 3 8
191 972 8 6
872 798 5 5
980 256 8 6
511 274 9 3
564 355 5 1
671 566 6 5
290 888 10 7
449 556 1 2
454 335 8 2
309 3 6 5
449 904 4 9
566 231 1 3
492 861 4 6
499 702 10 6
673 176 5 8
949 171 1 10
792 440 10 3
191 407 1 6
347 399 1 8
680 50 6 6
833 758 9 9
602 277 8 6
629 286 5 1
942 210 6 1
111 767 3 10
541 145 6 5
424 772 8 7
23 635 4 4
858 820 5 4
766 570 3 9
413 74 9 7
987 582 1 2
546 477 10 4
927 569 10 10
955 799 3 8
274 411 8 7
663 985 7 10
86 149 5 2
609 316 10 8
436 273 4 1
185 593 1 9
85 751 9 5
953 881 9 10
306 216 3 7
257 892 9 7
75 342 8 2
882 925 4 2
66 546 8 2
300
733
891
879
144
344
659
844
471
252
728
96
129
77
900
882
127
350
702
653
379
972
246
929
913
526
292
472
385
281
50
727
245
860
346
3
767
430
26
978
102
538
507
829
183
62
74
640
93
596
424
793
460
123
401
831
609
847
492
826
582
214
87
33
146
236
585
18
487
560
22
125
627
333
199
73
583
367
126
907
914
650
32
906
629
68
669
466
964
138
113
871
807
769
110
578
29
5
645
317
586
238
857
775
105
528
295
170
231
654
478
150
428
417
955
380
558
502
994
98
763
37
556
101
952
83
134
902
427
771
208
55
345
648
243
161
603
210
244
772
398
851
147
421
604
731
692
662
116
997
440
84
928
575
153
152
685
670
169
175
438
880
108
362
623
41
647
634
13
572
411
856
140
82
893
219
100
80
518
218
535
220
730
785
156
693
522
617
207
960
311
744
354
366
280
319
673
133
338
300
735
865
822
870
78
637
230
128
450
365
886
247
827
368
90
131
756
619
106
407
479
714
91
846
698
446
104
395
584
433
57
496
753
568
523
815
309
597
833
327
135
356
935
587
261
908
122
297
483
784
318
956
224
52
512
286
661
501
370
197
697
923
1
820
419
56
931
451
215
691
859
310
137
179
656
715
15
742
946
107
869
611
944
713
43
182
476
506
271
688
439
864
27
470
876
372
516
285
330
805
665
10
SIMULASI 729 218 684 350 35 470 323 572 988 176 648 452 883 90 43 661 322 86 674 913 81 143 230 549 564 685 636 653 416 85 910 837 874 599 471 945 688 118 91 606 125 916 262 513 467 798 401 351 676 300 174 462 148 616 598 225 666 559 618 983 27 331 976 891 239 42 60 769 967 678 127 642 405 895 592 782 325 493 757 474 458 379 836 334 373 686 250 590 814 779 500 832 332 233 810 53 335 628 314 947 461 183 491 58 138 456 268 485 928 749 761 707 755 282 487 509 374 705 272 502 980 316 414 927 643 433 109 492 10 935 147 632 200 880 269 939 357 830 367 255 738 703 937 295 978 907 709 256 971 17 426 429 917 124 340 178 382 654 923 229 398 501 188 867 408 74 297 984 877 933 220 505 457 264 419 59 898 4 266 345 215 801 311 854 731 608 469 119 573 921 889 960 481 319 629 826 380 970 763 66 581 958 548 72 286 876 321 794 370 775 950 134 480 152 764 11 304 328 131 228 399 136 34 621 829 821 561 248 211 802 951 16 164 406 869 637 375 376 75 896 566 838 40 52 285 554 990 293 747 161 483 535 128 785 420 579 361 320 65 949 762 421 253 407 584 287 212 108 759 37 195 611 181 102 116 240 497 620 477 520 378 12 510 296 534 9 33 28 977 360 153 851 341 803 111 365 998 56 298 368 190 595 523 216 326 14 302 292 714 571 475 369 873 784 167 723 944 294 423 528 166 441 718 30 857 450 260 503 979 553 603 263 737 760 336 130 21 795 777 538 145 930 975 543 858 115 742 786 465 752 861 515 459 673 482 635 619 698 342 797 953 308 881 758 878 754 699 981 258 586 141 439 169 781 890 852 95 630 717 170 443 745 886 106 236 589 793 565 669 817 177 531 748 327 578 962 168 652 413 312 870 940 711 389 750 133 664 546 163 715 123 57 346 716 431 490 448 772 69 494 989 517 290 217 516 682 774 952 394 790 683 600 728 135 97 245 434 347 154 922 569 204 689 936 994 999 121 663 279 847 307 604 804 518 770 208 144 526 151 409 449 524 957 403 575 587 410 306 318 139 965 882 850 963 925 18 117 349 702 954 529 959 660 946 22 681 171 356 547 466 727 301 184 76 288 82 280 866 107 766 646 201 276 275 904 986 51 626 489 670 223 657 358 213 915 451 36 234 558 799 84 712 645 61 427 464 210 905 834 283 634 522 100 726 47 274 550 257 942 159 221 551 219 733 563 746 8 281 614 259 330 542 948 418 868 822 247 955 2 845 800 884 388 956 736 436 841 961 244 79 353 38 209 71 739 996 607 909 811 893 63 392 70 567 594 623 570 20 506 359 149 672 899 352 372 402 362 908 778 315 180 242 820 348 205 404 533 157 644 539 363 574 49 235 54 371 920 289 641 713 710 871 605 251 849 555 496 903 479 514 743 638 508 658 656 706 103 544 691 23 498 751 659 397 624 192 231 536 694 270 844 532 892 387 888 273 848 722 941 647 846 155 537 679 165 96 468 545 41 193 227 73 776 789 142 384 982 445 39 639 875 224 499 48 997 987 856 732 383 222 901 182 809 701 31 391 305 612 189 386 46 185 695 442 473 150 602 504 631 906 89 7 788 557 344 756 25 67 137 966 478 432 472 842 813 313 146 254 203 696 
KABUR 930 45
SIMULASI 795 926 579 283 265 873 476 885 560 532 678 979 668 620 126 130 867 287 955 589 71 562 42 688 332 957 269 280 16 543 323 525 367 386 257 18 468 761 528 462 46 838 983 729 141 684 680 837 634 256 213 801 357 481 34 186 944 214 198 224 615 302 937 180 629 346 584 576 706 649 137 249 959 840 139 53 260 639 780 160 146 770 495 410 409 378 111 444 221 644 1 398 493 665 270 362 229 124 349 22 789 519 894 166 119 934 200 881 301 402 511 72 759 783 377 994 220 865 638 196 168 453 849 601 396 418 503 82 930 520 298 499 336 791 65 836 30 784 73 70 87 628 632 324 829 766 85 15 52 273 573 704 975 540 596 55 68 713 949 114 739 352 537 817 3 411 32 138 839 862 423 590 809 674 902 616 372 825 204 317 998 368 36 802 470 803 709 7 237 718 578 568 698 14 155 93 2 691 605 777 240 663 897 246 351 436 492 859 752 475 222 671 524 309 834 683 480 793 165 156 333 699 81 11 364 395 740 429 143 292 974 78 433 700 149 712 121 913 496 1000 209 527 733 708 872 401 779 31 10 315 442 271 750 84 506 263 672 851 50 830 935 967 282 431 216 542 657 375 727 235 399 984 999 857 432 456 751 566 337 354 339 128 920 782 293 164 365 415 288 714 518 666 753 388 86 787 945 993 954 599 771 964 621 908 592 115 99 675 899 490 252 397 182 274 978 656 268 741 558 454 158 650 565 136 848 478 350 973 591 404 950 242 464 74 855 267 981 212 977 909 814 799 60 513 308 33 109 284 54 888 553 640 969 245 702 545 932 157 574 170 577 44 990 549 382 554 526 89 27 827 813 728 572 768 550 312 847 854 419 361 820 775 662 291 893 389 38 804 62 864 533 140 458 535 723 879 773 254 223 91 467 297 720 622 972 488 697 842 134 232 756 625 376 606 341 374 564 797 742 107 381 796 276 184 321 210 863 597 414 497 477 383 635 517 701 279 113 405 939 479 159 645 551 88 203 373 895 264 696 587 762 694 604 171 21 968 504 40 305 927 193 641 658 425 483 876 608 258 798 408 120 613 207 217 912 510 259 101 363 906 743 914 103 948 767 874 726 59 611 342 63 422 686 403 988 400 455 929 215 833 77 866 938 505 832 173 569 122 586 344 755 43 266 393 236 614 936 474 322 970 75 469 47 593 20 548 64 424 106 610 460 763 178 841 705 811 919 539 598 765 595 512 853 19 764 434 369 48 953 151 731 358 778 299 461 690 921 334 951 310 218 991 843 735 846 982 69 785 25 514 956 326 971 100 816 647 440 148 868 989 117 636 94 997 992 181 980 205 281 41 145 594 581 736 886 922 412 353 931 435 646 225 167 206 230 588 651 329 426 359 129 730 556 275 509 502 12 35 925 343 715 234 296 637 884 617 883 80 515 131 901 508 286 669 648 161 83 915 943 428 924 338 187 521 147 6 917 45 828 800 61 844 473 118 790 449 29 133 5 489 776 781 567 903 745 250 163 144 179 457 262 142 654 49 112 677 67 850 552 172 769 437 307 199 108 523 318 24 66 875 132 544 366 760 177 17 559 687 747 92 575 194 463 446 390 370 384 330 819 300 818 631 788 754 4 786 154 356 438 821 413 379 241 561 97 304 244 541 910 878 695 278 185 831 192 583 285 986 624 738 961 465 96 51 749 916 90 135 806 104 272 219 227 243 238 233 150 9 682 612 869 693 585 947 261 391 255 303 652 320 795 406 335 942 962 870 439 609 498 655 289 427 618 328 822 448 485 758 673 116 8 918 208 659 774 175 
KABUR 540 656
SUPER 721 936 546
SIMULASI 143 776 230 176 38 972 357 957 393 834 71 859 329 610 419 898 208 504 41 570 487 831 690 798 217 697 155 924 318 104 311 486 97 673 26 467 706 884 470 598 877 109 446 450 934 294 37 395 867 272 842 168 388 850 703 438 478 889 651 604 106 96 552 93 509 331 158 895 4 159 755 580 466 657 892 422 501 215 479 512 291 376 235 300 6 758 676 951 908 529 370 360 390 330 513 308 977 304 544 773 896 374 682 278 391 275 727 105 546 800 732 297 428 550 968 857 622 20 434 822 691 464 993 619 375 103 561 472 958 760 349 234 3 458 132 420 263 540 377 394 477 210 347 996 
KABUR 698 755
KABUR 582 939
SIMULASI 770 818 836 714 335 444 964 487 407 851 944 986 534 830 107 274 509 835 530 272 414 936 600 124 258 149 423 216 939 759 854 490 682 687 814 626 425 60 34 715 910 43 393 864 946 919 241 417 14 162 405 802 791 42 235 429 721 590 341 309 932 485 779 736 989 395 646 250 813 88 843 475 735 603 593 207 143 511 524 544 224 39 921 594 249 156 928 624 392 838 887 455 748 625 318 916 974 452 743 134 97 820 231 373 117 54 291 627 197 879 870 479 740 608 93 528 720 411 723 841 691 789 572 16 307 676 658 424 589 150 112 170 987 96 102 860 171 874 533 261 166 418 147 33 808 303 136 516 387 184 710 502 771 256 943 622 188 641 857 53 581 176 234 853 816 1000 362 27 686 443 437 491 74 145 391 82 440 185 961 635 320 872 630 354 631 62 361 922 739 819 560 71 154 941 671 684 104 22 358 412 80 292 809 64 44 837 805 339 11 248 316 777 282 724 108 557 406 57 638 243 172 298 623 636 537 905 67 115 155 529 541 935 984 911 880 875 1 656 368 783 297 275 3 448 633 26 553 578 175 629 113 75 329 753 510 15 120 698 621 270 500 892 855 299 410 828 101 924 312 950 431 376 902 750 91 795 158 690 232 503 983 210 403 141 585 543 279 37 765 49 484 462 100 66 769 729 575 782 432 810 228 863 408 742 968 223 840 605 238 888 571 800 563 824 546 456 643 142 189 831 577 499 383 890 607 201 695 915 289 525 514 751 976 496 41 815 118 178 229 375 527 204 551 35 469 17 377 704 642 833 914 519 545 99 302 807 531 182 977 9 151 196 433 900 278 801 98 47 83 662 763 296 85 468 447 866 385 453 596 848 337 227 508 549 351 471 461 110 237 669 194 929 32 183 862 562 744 639 733 969 666 401 615 960 518 219 654 415 620 51 363 290 382 240 6 419 285 470 774 619 488 501 430 595 206 650 23 45 906 164 962 806 526 384 311 127 31 675 480 877 332 86 467 741 614 73 186 760 672 966 306 133 325 215 372 681 202 267 536 749 482 130 255 481 696 586 263 738 360 359 114 442 570 803 226 340 727 283 343 881 242 174 796 730 288 498 374 287 449 281 486 441 68 153 705 230 439 604 63 745 798 314 266 399 247 277 952 233 746 24 556 778 523 466 413 36 199 981 573 284 653 445 173 688 38 878 495 10 931 211 489 973 598 81 21 95 492 61 195 909 787 667 664 781 364 338 799 111 552 933 948 679 683 618 971 930 295 404 584 876 50 945 398 7 454 355 850 661 46 138 12 321 347 221 980 542 821 209 8 253 858 365 566 436 152 886 767 472 94 245 579 871 369 409 333 953 758 352 396 5 823 597 19 832 254 304 993 725 737 506 699 677 747 30 865 842 220 69 997 550 293 512 213 788 659 680 959 561 938 460 381 28 251 260 160 539 785 276 305 592 702 947 135 756 310 708 517 554 87 825 706 159 768 132 628 580 611 652 990 757 904 845 319 719 670 315 474 483 390 128 883 426 465 205 829 882 140 884 978 473 65 76 478 689 244 79 834 755 192 378 532 273 942 70 371 712 119 268 718 394 344 116 48 956 846 897 934 992 632 125 131 269 645 937 459 651 775 852 236 780 891 264 146 357 161 972 822 540 548 388 792 991 239 148 912 193 576 214 591 179 265 761 308 217 397 602 493 190 999 770 420 613 334 327 168 123 342 497 859 711 203 13 678 663 90 122 587 811 504 464 421 
SIMULASI 295 164 754 648 315 474 284 562 911 105 20 71 869 363 413 411 777 853 670 101 220 945 281 130 290 628 61 64 643 200 821 4 885 547 399 276 160 759 814 22 841 288 97 760 632 529 753 261 922 351 799 950 135 172 859 318 181 837 326 221 933 737 63 727 456 692 218 297 312 515 909 436 941 338 109 252 205 329 141 534 807 601 861 636 556 835 604 118 988 878 191 797 971 450 104 65 925 488 898 714 365 997 673 973 366 189 936 758 124 595 302 444 767 682 110 500 308 493 156 422 359 665 188 505 715 761 292 492 586 296 588 476 921 642 2 387 212 69 893 145 420 669 70 460 641 901 774 449 167 168 398 526 238 242 747 656 246 775 361 133 996 227 819 324 611 527 340 542 134 393 576 402 32 779 875 360 966 56 823 742 380 577 40 607 910 822 301 683 8 846 723 908 401 644 183 19 787 531 603 689 952 695 152 490 581 735 457 621 127 616 982 33 579 333 190 855 954 501 407 509 334 58 434 388 851 672 103 771 614 467 392 791 561 946 957 270 429 75 512 322 262 516 73 213 609 335 222 79 668 294 798 792 391 158 111 552 593 121 180 863 806 918 550 496 357 452 675 323 481 161 886 78 880 980 298 254 165 635 781 29 283 87 226 287 350 465 435 117 646 686 704 309 942 7 137 46 
