1000 2000
2 1 9 4
3 1 8 9
4 1 2 3
5 4 6 2
6 5 3 1
7 2 4 1
8 6 6 5
9 6 10 6
10 2 9 7
11 1 8 2
12 6 7 10
13 6 2 7
14 8 4 6
15 12 7 1
16 3 6 4
17 7 5 5
18 15 10 6
19 17 4 6
20 10 4 9
21 19 10 5
22 20 8 1
23 17 2 1
24 3 8 8
25 9 6 1
26 18 7 1
27 4 6 5
28 10 9 6
29 18 9 8
30 13 1 7
31 22 2 1
32 25 9 8
33 22 7 6
34 1 2 5
35 7 2 5
36 34 6 7
37 17 6 6
38 29 6 4
39 28 2 1
40 21 5 4
41 27 5 6
42 5 10 3
43 24 2 7
44 38 9 5
45 17 3 4
46 43 7 2
47 9 10 4
48 28 2 2
49 40 1 1
50 35 7 10
51 50 10 9
52 41 3 7
53 36 8 7
54 10 5 7
55 36 5 1
56 27 3 3
57 19 7 6
58 44 9 7
59 28 10 10
60 4 2 7
61 41 1 10
62 59 5 9
63 16 3 9
64 46 2 7
65 51 10 4
66 14 4 6
67 6 3 4
68 6 10 4
69 56 6 5
70 13 2 4
71 33 4 4
72 33 2 1
73 49 8 7
74 66 7 10
75 14 9 10
76 3 6 1
77 66 6 8
78 32 8 2
79 74 2 5
80 43 4 1
81 50 6 3
82 29 7 8
83 39 2 2
84 61 6 8
85 47 2 10
86 80 10 10
87 31 5 1
88 35 10 5
89 21 3 8
90 14 5 5
91 17 6 6
92 50 1 2
93 87 10 8
94 82 7 2
95 55 10 5
96 67 6 2
97 58 3 3
98 6 2 4
99 20 1 8
100 21 6 10
101 7 8 5
102 58 9 8
103 39 5 2
104 85 4 7
105 16 1 1
106 14 10 8
107 45 6 8
108 14 10 4
109 108 8 1
110 10 10 10
111 25 9 9
112 61 4 3
113 69 8 6
114 65 8 2
115 52 1 7
116 13 6 1
117 87 2 6
118 79 5 2
119 96 1 1
120 37 9 7
121 9 10 2
122 23 3 10
123 39 3 5
124 63 1 2
125 77 7 7
126 27 9 5
127 11 2 9
128 98 5 9
129 74 8 10
130 87 6 9
131 108 9 7
132 38 6 7
133 20 10 9
134 33 2 1
135 1 1 2
136 29 3 1
137 8 7 5
138 57 1 2
139 114 3 7
140 27 2 1
141 31 1 1
142 25 8 6
143 118 5 5
144 78 1 5
145 130 1 5
146 45 6 8
147 88 5 6
148 96 3 10
149 81 2 3
150 77 5 4
151 7 3 3
152 86 6 2
153 126 1 7
154 71 10 10
155 29 4 10
156 151 6 3
157 61 3 5
158 85 4 9
159 87 1 2
160 125 6 4
161 100 10 2
162 140 2 4
163 60 1 3
164 9 5 7
165 22 6 6
166 13 10 5
167 150 10 1
168 2 3 3
169 114 9 1
170 18 2 4
171 74 4 5
172 30 8 10
173 47 10 3
174 16 8 2
175 153 1 8
176 172 9 4
177 104 8 2
178 173 2 5
179 102 2 4
180 128 6 3
181 39 10 5
182 11 3 9
183 14 7 5
184 56 8 6
185 52 1 6
186 73 2 1
187 81 3 4
188 159 9 9
189 177 6 4
190 85 2 4
191 158 7 5
192 131 10 5
193 70 5 3
194 10 1 1
195 64 9 3
196 60 7 7
197 73 4 8
198 56 7 9
199 198 7 7
200 114 1 5
201 61 7 3
202 72 10 8
203 40 3 5
204 80 4 5
205 84 3 10
206 141 2 8
207 112 4 6
208 192 4 2
209 55 4 1
210 108 8 6
211 202 7 4
212 82 4 10
213 43 1 7
214 128 6 7
215 123 3 7
216 180 5 2
217 180 10 7
218 44 2 8
219 13 8 7
220 105 2 9
221 56 10 8
222 100 7 8
223 210 7 2
224 158 3 10
225 18 2 8
226 90 4 8
227 129 7 2
228 155 9 10
229 33 6 5
230 63 3 3
231 85 5 9
232 6 8 8
233 225 3 4
234 86 1 8
235 34 8 10
236 58 4 2
237 191 2 6
238 25 1 3
239 47 2 3
240 122 1 1
241 223 9 9
242 126 10 9
243 186 9 4
244 1 7 5
245 72 7 4
246 132 1 6
247 69 7 10
248 191 6 7
249 188 7 6
250 227 3 2
251 148 1 6
252 239 9 4
253 247 8 2
254 83 4 10
255 231 5 7
256 216 9 2
257 103 7 7
258 194 6 1
259 58 1 6
260 234 5 4
261 79 3 6
262 121 9 1
263 210 8 3
264 48 6 5
265 78 6 9
266 126 3 4
267 234 7 6
268 201 8 5
269 7 3 3
270 250 8 5
271 13 3 3
272 101 7 10
273 33 3 2
274 222 2 4
275 93 2 8
276 242 9 2
277 130 7 4
278 185 7 4
279 126 1 10
280 216 3 7
281 166 8 2
282 123 9 9
283 73 6 3
284 267 1 2
285 4 7 3
286 186 6 1
287 246 8 5
288 282 7 5
289 37 2 2
290 5 4 8
291 280 7 10
292 68 5 8
293 18 3 3
294 132 5 6
295 168 2 9
296 174 9 7
297 21 8 9
298 171 9 4
299 35 3 5
300 189 4 2
301 124 4 8
302 209 5 10
303 66 8 7
304 243 2 8
305 252 7 3
306 126 2 10
307 266 8 5
308 124 9 6
309 2 8 2
310 39 5 6
311 135 8 10
312 129 4 4
313 289 7 4
314 198 8 3
315 146 5 2
316 5 7 7
317 201 3 3
318 268 7 9
319 285 1 7
320 82 1 6
321 237 9 6
322 106 3 3
323 191 2 1
324 55 6 2
325 58 8 9
326 12 2 5
327 293 10 4
328 8 6 5
329 125 4 8
330 232 4 9
331 9 4 3
332 205 3 6
333 227 5 6
334 80 4 9
335 120 2 4
336 87 3 3
337 112 8 9
338 36 2 6
339 61 4 10
340 94 8 10
341 183 10 6
342 333 1 5
343 173 2 9
344 256 3 6
345 270 2 10
346 238 5 1
347 295 6 8
348 82 1 2
349 265 2 5
350 322 10 10
351 181 5 7
352 213 7 8
353 285 6 10
354 282 4 1
355 335 2 7
356 339 3 6
357 76 3 1
358 191 1 6
359 343 7 5
360 97 6 6
361 30 9 4
362 275 10 7
363 317 9 3
364 210 3 9
365 159 1 3
366 250 8 9
367 198 3 4
368 291 6 8
369 301 10 6
370 181 1 4
371 214 6 7
372 281 10 2
373 249 7 8
374 20 2 6
375 62 10 5
376 231 10 8
377 140 5 6
378 259 7 10
379 320 2 4
380 115 1 6
381 33 7 8
382 92 4 5
383 131 9 9
384 29 9 9
385 280 7 5
386 43 3 6
387 284 5 10
388 120 7 9
389 354 7 10
390 73 9 5
391 45 1 8
392 246 1 5
393 384 9 3
394 97 2 7
395 292 9 6
396 296 7 10
397 36 8 3
398 61 10 10
399 33 8 2
400 271 1 7
401 276 1 4
402 209 1 10
403 316 5 2
404 141 9 8
405 280 4 3
406 248 4 7
407 268 10 2
408 130 3 5
409 315 10 9
410 319 4 6
411 53 8 9
412 147 6 1
413 31 7 8
414 344 3 10
415 400 6 2
416 175 3 7
417 187 3 8
418 226 1 7
419 187 4 4
420 388 2 8
421 134 2 7
422 312 5 9
423 224 2 3
424 143 9 2
425 180 4 6
426 225 3 2
427 120 6 9
428 121 4 2
429 426 1 1
430 381 6 3
431 257 3 10
432 200 7 8
433 148 8 6
434 390 9 5
435 35 4 4
436 323 2 5
437 173 1 6
438 284 7 2
439 251 2 2
440 34 1 7
441 403 4 10
442 440 4 10
443 276 2 7
444 344 7 3
445 201 6 3
446 163 1 4
447 281 7 9
448 206 1 5
449 295 4 4
450 368 6 6
451 403 10 8
452 103 10 8
453 375 8 7
454 218 2 3
455 278 7 5
456 436 7 5
457 224 9 8
458 411 4 4
459 171 6 4
460 453 4 7
461 225 8 4
462 253 10 9
463 371 2 4
464 403 1 10
465 189 2 6
466 457 5 4
467 328 3 2
468 268 4 7
469 126 7 4
470 155 8 10
471 448 8 4
472 309 10 7
473 444 1 1
474 333 4 10
475 166 1 10
476 378 9 1
477 414 2 6
478 395 4 4
479 247 8 2
480 435 6 5
481 61 5 4
482 470 8 7
483 390 3 1
484 112 1 5
485 122 10 5
486 101 9 9
487 435 9 9
488 430 4 1
489 414 3 5
490 465 8 1
491 333 2 9
492 65 9 7
493 106 7 8
494 164 9 8
495 179 8 2
496 450 1 8
497 431 9 8
498 485 5 7
499 344 2 10
500 92 9 7
501 117 1 5
502 3 8 9
503 246 4 5
504 229 3 5
505 239 9 2
506 110 9 2
507 47 1 8
508 65 7 2
509 175 10 3
510 477 5 5
511 457 5 7
512 412 7 5
513 348 1 2
514 228 6 10
515 349 8 5
516 259 10 5
517 121 9 7
518 145 10 5
519 464 2 2
520 323 8 1
521 278 2 6
522 18 10 4
523 345 8 5
524 112 4 2
525 16 1 9
526 317 4 2
527 71 2 2
528 497 9 6
529 379 1 6
530 381 5 6
531 19 9 4
532 415 1 4
533 22 10 3
534 342 1 6
535 291 6 4
536 258 9 3
537 507 7 10
538 425 3 2
539 405 6 6
540 249 8 2
541 138 5 4
542 142 3 2
543 47 5 3
544 357 10 9
545 4 2 1
546 247 9 1
547 227 5 7
548 22 10 2
549 150 5 7
550 108 1 2
551 88 4 5
552 198 5 3
553 78 10 8
554 323 8 6
555 162 4 2
556 276 9 7
557 379 3 4
558 478 1 3
559 100 9 6
560 133 7 10
561 368 3 6
562 166 7 2
563 373 10 3
564 134 3 4
565 119 5 4
566 314 8 6
567 336 9 9
568 233 8 5
569 328 8 10
570 149 4 8
571 391 7 9
572 4 5 7
573 413 1 9
574 65 2 8
575 111 8 6
576 513 3 1
577 374 10 5
578 161 7 6
579 8 6 6
580 168 1 3
581 277 9 2
582 462 9 5
583 509 6 5
584 22 2 7
585 408 8 9
586 96 7 7
587 537 8 3
588 494 4 5
589 360 8 4
590 159 4 6
591 431 6 5
592 419 7 9
593 62 10 8
594 342 1 8
595 279 3 10
596 400 10 7
597 310 7 5
598 413 5 7
599 520 5 8
600 6 2 7
601 199 2 4
602 287 9 4
603 590 5 3
604 225 6 6
605 487 4 6
606 297 9 8
607 462 1 7
608 559 7 9
609 529 7 10
610 186 10 10
611 380 9 10
612 275 10 5
613 372 7 1
614 187 10 1
615 317 7 7
616 174 2 4
617 163 4 9
618 351 9 7
619 66 4 3
620 281 7 4
621 614 4 1
622 429 8 8
623 215 6 9
624 477 9 6
625 598 8 5
626 174 4 6
627 494 2 3
628 278 4 6
629 342 4 7
630 144 6 1
631 453 1 4
632 219 3 9
633 334 4 8
634 603 6 5
635 530 2 6
636 386 2 8
637 321 5 1
638 442 7 6
639 34 7 3
640 597 6 6
641 565 8 7
642 66 9 9
643 503 8 5
644 504 7 2
645 73 1 2
646 45 3 5
647 455 5 9
648 130 7 3
649 344 10 2
650 44 6 1
651 329 2 4
652 346 4 3
653 237 3 2
654 98 10 5
655 30 4 1
656 301 8 6
657 310 2 3
658 222 4 8
659 318 2 6
660 630 3 2
661 460 1 8
662 93 4 2
663 221 9 7
664 109 2 4
665 503 4 1
666 393 9 1
667 87 2 9
668 197 9 9
669 301 1 7
670 126 2 8
671 104 2 6
672 259 5 2
673 514 8 9
674 537 9 5
675 394 3 1
676 214 8 8
677 423 8 1
678 163 7 4
679 206 8 8
680 312 3 10
681 669 6 1
682 570 1 7
683 603 3 4
684 245 7 1
685 257 9 3
686 397 8 10
687 618 6 1
688 389 10 9
689 640 4 5
690 614 2 3
691 169 8 8
692 70 2 7
693 638 7 3
694 664 6 1
695 254 9 4
696 475 6 4
697 66 10 10
698 341 10 6
699 514 10 3
700 418 1 10
701 117 4 4
702 57 6 9
703 417 2 8
704 490 7 10
705 217 9 10
706 494 2 1
707 488 3 1
708 328 3 8
709 374 3 5
710 329 2 9
711 322 7 8
712 271 5 5
713 588 6 1
714 655 5 9
715 138 3 4
716 625 1 2
717 674 7 10
718 299 4 1
719 397 9 7
720 527 9 1
721 307 2 2
722 204 5 2
723 570 8 10
724 139 7 5
725 666 8 4
726 471 2 7
727 455 3 2
728 236 1 6
729 573 10 5
730 533 1 3
731 590 3 6
732 282 7 1
733 20 4 1
734 363 9 2
735 75 6 8
736 532 2 3
737 600 2 8
738 220 4 8
739 313 6 8
740 105 8 3
741 150 8 2
742 583 4 8
743 148 7 5
744 453 6 3
745 332 10 8
746 214 4 9
747 169 5 1
748 310 8 8
749 337 6 4
750 423 9 6
751 180 9 10
752 347 6 4
753 352 7 6
754 127 1 1
755 294 10 4
756 752 9 1
757 655 10 7
758 217 2 8
759 495 5 3
760 442 2 4
761 154 2 6
762 222 6 7
763 625 5 5
764 410 10 6
765 635 4 7
766 23 2 1
767 188 8 1
768 468 10 9
769 673 4 10
770 5 10 2
771 22 4 1
772 686 1 7
773 188 3 9
774 720 8 6
775 768 6 10
776 549 8 1
777 446 3 3
778 604 7 1
779 605 8 7
780 20 7 3
781 69 4 4
782 229 8 6
783 314 6 9
784 777 10 5
785 357 10 9
786 507 8 6
787 631 7 6
788 87 3 3
789 709 8 5
790 320 4 3
791 232 3 7
792 522 8 4
793 448 2 4
794 791 10 10
795 131 2 10
796 143 6 2
797 536 8 2
798 392 2 10
799 497 9 1
800 684 10 10
801 436 5 5
802 599 5 2
803 783 4 2
804 278 9 7
805 743 5 7
806 192 2 9
807 678 6 2
808 346 5 1
809 688 2 9
810 418 5 3
811 224 4 8
812 741 1 10
813 98 10 10
814 110 1 8
815 661 5 5
816 602 3 9
817 628 7 8
818 596 6 2
819 701 4 9
820 112 9 1
821 77 5 5
822 793 6 9
823 295 10 6
824 355 3 3
825 447 5 6
826 169 8 6
827 5 3 1
828 632 9 4
829 521 7 4
830 209 5 4
831 323 4 8
832 356 8 7
833 527 7 1
834 269 3 7
835 462 7 3
836 226 2 3
837 583 7 8
838 25 10 9
839 757 8 3
840 32 4 3
841 804 3 2
842 687 1 8
843 194 9 3
844 737 4 6
845 45 3 4
846 341 6 3
847 468 9 6
848 383 4 2
849 636 8 6
850 768 2 8
851 427 5 4
852 602 1 7
853 122 9 4
854 535 8 6
855 369 8 7
856 228 9 4
857 735 9 2
858 341 8 8
859 346 7 8
860 442 4 4
861 61 2 1
862 167 6 5
863 70 8 1
864 804 5 6
865 820 7 1
866 300 2 7
867 599 3 7
868 268 7 5
869 253 4 2
870 472 2 5
871 666 5 9
872 246 6 4
873 337 2 8
874 341 10 2
875 462 3 2
876 666 10 10
877 313 3 7
878 8 4 5
879 751 2 10
880 419 9 2
881 238 2 1
882 734 7 6
883 532 8 8
884 46 9 1
885 384 8 2
886 70 1 4
887 328 10 1
888 797 6 8
889 665 10 6
890 390 6 3
891 68 10 5
892 449 10 8
893 217 9 4
894 602 4 2
895 610 6 9
896 216 10 7
897 674 3 3
898 245 7 8
899 102 5 6
900 837 6 5
901 647 3 8
902 657 8 6
903 733 3 1
904 26 3 1
905 239 6 5
906 193 7 6
907 388 3 9
908 722 8 10
909 862 6 2
910 322 2 2
911 62 3 9
912 288 2 10
913 632 10 7
914 98 10 4
915 480 10 4
916 647 1 1
917 155 10 1
918 93 7 8
919 194 8 9
920 267 1 3
921 564 3 7
922 640 7 1
923 500 1 2
924 392 9 7
925 59 8 8
926 722 9 4
927 334 9 2
928 591 10 2
929 153 9 7
930 625 7 6
931 719 4 7
932 463 9 1
933 919 3 5
934 14 10 4
935 666 10 2
936 791 7 6
937 551 7 6
938 267 2 9
939 802 2 10
940 262 6 2
941 828 4 5
942 476 4 6
943 124 8 2
944 172 8 1
945 604 10 2
946 671 1 9
947 13 5 9
948 474 3 6
949 296 4 9
950 161 6 8
951 764 10 3
952 863 5 1
953 648 9 8
954 938 3 7
955 92 6 6
956 846 3 8
957 269 9 9
958 61 1 3
959 488 8 10
960 261 2 1
961 538 5 6
962 771 8 4
963 379 10 8
964 134 5 7
965 232 1 5
966 957 1 9
967 508 5 6
968 81 5 5
969 200 2 4
970 251 6 3
971 708 10 3
972 409 8 7
973 947 2 10
974 139 10 2
975 36 1 2
976 339 4 5
977 490 6 9
978 53 8 4
979 768 4 8
980 947 7 1
981 857 1 9
982 668 3 2
983 940 10 7
984 714 10 10
985 942 4 5
986 878 5 5
987 624 7 9
988 878 7 3
989 334 10 8
990 341 6 9
991 5 9 10
992 711 3 2
993 676 7 9
994 946 4 1
995 698 9 7
996 493 5 10
997 579 3 6
998 829 9 4
999 534 7 10
1000 51 2 9
66 909 1 4
160 935 10 6
544 44 8 7
976 916 7 3
403 707 7 9
791 336 3 2
352 831 7 7
107 496 9 10
940 318 6 8
960 328 4 10
788 651 10 8
396 230 9 3
124 796 9 9
595 606 1 1
619 983 4 2
699 342 7 3
965 87 7 8
376 450 2 6
47 859 7 7
239 384 6 3
157 382 6 10
950 517 3 4
38 663 6 2
202 61 8 8
293 866 2 7
319 342 4 6
409 556 6 5
42 748 1 9
125 602 10 5
321 53 9 5
856 657 6 4
112 557 10 9
485 798 9 1
957 170 2 1
370 206 10 8
772 377 3 1
524 926 3 6
202 646 3 10
721 364 2 2
590 223 4 10
452 555 1 4
226 64 7 1
43 346 1 8
469 423 5 10
787 532 2 9
115 816 9 8
489 472 8 10
170 810 5 9
498 929 10 3
823 439 2 9
203 30 2 1
69 470 9 7
369 883 5 2
412 700 6 5
129 205 1 5
638 342 2 7
663 465 4 3
610 144 3 8
82 900 8 8
709 567 2 10
430 92 7 7
963 857 6 8
95 580 8 4
577 459 1 2
28 2 8 2
277 489 6 10
104 508 3 2
532 721 6 3
570 861 5 6
74 528 1 9
925 76 5 9
660 314 8 7
256 700 3 7
864 636 8 9
78 956 9 7
98 908 3 7
701 720 8 4
231 879 8 6
819 245 2 4
238 169 4 3
83 808 3 4
465 744 10 8
179 246 5 10
631 73 2 9
8 476 1 9
501 928 8 6
375 159 8 4
343 251 1 6
213 581 9 1
226 670 2 6
143 521 3 10
524 391 4 4
738 954 7 4
873 554 1 2
739 19 6 10
671 549 10 4
23 283 5 10
578 388 8 7
163 805 1 1
216 53 3 7
195 920 7 6
29 821 6 1
422 1000 4 6
854 976 10 2
464 274 7 5
537 668 5 3
901 771 7 7
35 470 1 5
188 1000 9 7
360 994 10 3
656 390 2 2
517 501 1 10
256 642 6 8
416 205 3 7
823 290 1 8
341 583 3 5
404 425 5 5
770 687 9 4
466 470 5 7
547 3 7 8
159 508 1 10
189 672 9 10
192 250 9 3
919 618 2 1
963 748 8 9
419 207 1 8
699 534 4 10
840 195 8 4
678 879 3 3
603 899 6 8
433 475 10 5
239 382 2 4
369 719 10 8
820 119 10 6
11 600 9 7
205 83 1 8
684 867 10 3
143 336 4 7
577 406 6 10
55 555 2 6
30 988 2 8
596 464 7 3
570 291 6 2
768 845 1 4
817 465 8 9
610 463 7 2
871 290 2 9
599 10 2 5
507 170 7 3
643 115 3 7
113 384 10 8
243 496 5 7
493 176 7 2
149 822 6 2
78 711 4 7
269 545 8 8
703 122 3 2
825 839 6 9
758 718 6 6
37 453 3 3
201 288 2 4
655 295 10 7
451 573 2 2
955 930 9 10
130 290 2 5
615 4 3 5
835 877 6 4
599 354 1 5
756 81 6 4
232 57 7 7
592 484 6 2
648 108 6 5
645 76 1 4
132 891 6 7
32 253 10 2
512 329 8 6
102 531 7 2
825 804 7 9
508 725 4 7
189 32 3 3
7 111 9 5
88 627 5 3
283 406 9 7
728 329 6 6
679 287 2 2
561 688 1 3
967 343 8 8
656 221 2 7
296 300 4 2
323 404 2 9
478 841 4 2
327 522 6 7
168 212 1 1
736 550 10 4
57 363 7 2
379 891 1 4
888 465 8 9
598 894 9 9
1000 533 1 5
53 725 3 2
240 410 4 2
430 229 6 1
899 575 9 5
229 146 4 4
223 376 8 9
760 658 2 10
953 562 10 10
739 233 9 7
703 442 10 10
251 973 7 4
892 293 7 10
710 690 5 7
430 504 8 5
881 230 6 6
74 456 8 2
560 166 10 8
149 963 10 10
664 46 10 5
492 836 6 10
527 700 3 2
660 826 1 1
321 4 1 8
10 128 2 8
700 884 8 9
523 397 1 5
516 513 2 6
587 580 10 7
959 95 4 8
849 196 4 9
761 428 6 4
73 241 1 8
216 196 4 2
112 480 2 8
400 597 7 5
554 110 1 9
742 131 2 1
414 640 8 6
832 364 5 4
287 51 6 4
290 85 1 7
540 596 2 1
706 322 7 10
344 161 3 4
60 657 4 8
529 965 6 2
126 62 2 9
669 519 4 1
516 991 6 9
687 906 8 1
620 200 9 5
301 461 9 3
282 575 9 1
236 972 9 4
227 81 3 4
442 347 2 6
45 378 1 6
594 689 10 4
845 232 10 9
322 762 10 9
607 367 5 8
703 851 8 5
424 661 6 6
142 777 2 9
70 895 8 7
979 753 1 8
437 177 6 9
397 809 2 4
843 969 4 8
912 460 7 7
532 387 3 5
985 416 2 10
766 429 10 7
597 523 3 10
445 235 9 7
40 320 4 9
526 659 1 6
105 286 8 10
911 466 5 1
875 137 7 10
309 68 9 8
677 942 10 9
587 38 8 7
786 250 1 7
401 871 3 10
857 778 2 3
634 842 2 2
973 219 8 6
731 324 10 6
717 2 1 1
457 931 6 10
508 52 3 2
563 228 8 4
504 622 3 3
403 83 6 3
350 869 3 10
648 486 2 3
235 567 3 7
639 425 9 3
645 143 6 4
116 282 8 3
183 564 6 10
500 517 8 1
935 690 2 6
874 895 9 4
583 208 4 3
444 447 10 6
702 584 3 10
804 830 5 10
284 510 3 8
998 193 7 10
663 702 5 9
952 429 9 1
677 749 7 7
255 615 2 10
290 64 6 4
56 803 5 7
635 717 8 8
591 79 2 9
494 760 8 8
346 280 8 4
886 622 10 4
845 867 4 8
138 549 2 6
478 341 7 10
630 593 10 4
626 395 2 3
791 928 2 7
390 233 2 1
147 109 5 6
918 814 6 8
502 583 5 2
977 277 10 5
524 131 10 8
761 444 9 6
948 877 8 2
198 759 4 7
819 242 9 2
715 885 6 7
540 71 2 8
846 289 2 2
566 514 1 9
140 826 3 1
708 799 1 1
17 755 3 5
238 459 9 7
651 466 1 1
958 700 1 4
935 131 3 10
594 622 5 6
393 389 3 5
936 606 10 3
303 547 5 3
420 266 5 7
870 243 9 6
123 678 4 2
3 154 6 5
810 551 6 1
698 461 4 8
391 787 1 7
393 297 6 9
237 862 3 4
708 530 3 3
51 589 3 1
18 31 4 4
581 134 7 6
942 443 6 8
520 541 4 8
630 292 6 9
354 55 10 4
798 439 10 5
479 42 8 4
172 697 5 1
155 937 10 4
173 270 10 8
126 172 6 6
110 356 10 3
50 125 1 8
3 736 6 8
837 531 3 9
842 607 3 4
405 515 5 6
183 910 8 6
286 408 2 3
233 178 9 3
757 489 2 7
243 711 3 4
303 362 1 2
955 284 5 6
274 665 6 2
973 20 2 4
642 434 8 5
511 413 1 5
259 698 1 3
422 347 4 8
365 799 2 10
751 477 2 8
890 244 9 4
462 726 5 6
512 537 2 3
569 557 5 8
541 792 5 9
373 565 1 5
253 808 4 3
62 156 4 3
165 821 10 9
658 910 4 2
467 405 1 8
198 554 2 1
658 756 9 10
23 715 6 7
673 655 10 8
993 192 5 3
108 507 8 10
394 444 7 8
640 14 7 8
199 797 4 10
378 852 2 6
100 95 1 9
72 67 1 2
439 497 8 10
422 47 9 1
821 542 6 5
921 309 1 8
2 900 5 3
94 66 7 1
284 976 10 5
682 276 5 5
656 991 6 8
403 751 6 6
227 342 1 3
180 721 6 8
369 985 1 1
172 933 1 8
128 159 9 1
600 43 5 5
796 283 7 6
179 989 8 9
484 75 6 9
796 362 8 8
323 452 9 9
382 654 3 1
23 714 1 2
872 878 8 7
44 52 1 1
639 56 1 10
272 29 7 4
278 40 1 5
128 347 2 3
348 524 9 4
857 411 1 1
260 663 5 6
575 434 7 9
965 96 9 5
624 189 3 4
884 996 10 10
593 984 8 3
788 311 8 5
662 137 9 3
252 870 3 2
277 893 10 1
47 862 4 6
811 177 8 3
28 53 2 10
36 610 6 8
552 175 10 6
647 997 1 2
942 897 5 9
231 902 10 4
621 833 1 2
65 131 8 2
457 515 3 3
892 785 3 3
175 444 9 1
611 949 4 6
492 242 5 2
315 164 7 10
525 769 9 2
987 210 8 3
400 566 3 1
38 502 1 10
89 263 6 3
154 587 2 3
461 440 2 6
411 391 4 5
833 374 7 2
159 599 7 3
971 303 1 4
275 400 6 5
934 839 8 8
348 86 6 10
137 603 2 1
446 560 6 3
664 473 5 3
855 921 7 1
800 317 10 1
788 751 10 7
783 508 3 3
442 159 1 2
993 964 8 7
685 669 7 3
387 737 7 1
707 472 7 8
362 936 2 9
144 747 2 5
43 287 7 8
946 676 1 9
563 857 8 7
574 456 5 2
864 222 6 10
913 460 9 9
886 264 7 4
55 85 5 9
898 614 1 7
135 223 10 3
193 588 2 9
435 456 1 8
377 64 4 1
667 109 1 9
606 246 4 7
322 99 9 1
581 395 6 4
286 495 1 3
315 709 5 9
147 798 6 6
173 888 10 7
960 276 10 3
808 937 6 2
392 287 9 2
754 229 10 3
824 428 8 2
55 202 4 5
63 960 2 9
44 748 4 8
128 744 1 3
407 881 9 3
337 913 4 5
539 717 5 8
294 679 7 10
599 213 2 9
742 504 7 1
455 439 6 6
675 25 2 5
552 574 1 1
277 847 4 6
463 210 10 6
751 367 6 10
322 397 7 7
839 773 2 8
725 950 4 8
42 640 1 10
485 409 1 1
437 235 9 1
7 27 8 7
220 84 7 2
984 370 1 10
533 280 8 8
46 34 6 5
924 356 6 10
732 33 7 10
183 508 1 1
809 179 3 4
3 982 10 6
338 941 8 9
837 872 5 8
594 900 10 1
489 29 9 6
976 822 5 8
829 994 5 3
975 639 1 6
598 446 2 5
774 901 9 2
281 740 5 1
282 283 3 4
298 19 8 1
190 696 1 9
887 550 10 3
321 281 9 7
460 507 4 4
462 602 3 7
376 151 9 5
460 800 3 3
214 102 6 9
792 696 7 7
315 743 10 7
757 232 6 7
854 773 10 5
74 996 10 1
50 110 2 1
794 209 5 9
781 695 3 10
781 469 3 3
387 53 4 2
861 652 10 4
10 516 8 4
432 955 1 2
679 611 10 7
828 120 8 6
223 141 7 7
405 303 4 8
118 360 9 1
672 341 2 5
482 241 1 9
418 496 4 5
528 909 5 3
96 4 2 2
836 120 3 6
232 718 9 2
588 913 3 8
502 452 6 9
645 195 5 10
463 114 1 1
276 76 4 7
240 853 9 2
549 697 8 3
671 115 8 10
310 614 8 5
31 472 2 9
724 522 9 7
599 49 10 6
771 824 8 1
483 52 6 9
273 30 4 6
737 725 7 10
395 465 6 3
220 873 7 7
693 310 4 3
219 190 9 6
325 314 5 7
186 984 3 9
880 337 9 9
166 796 1 2
987 946 2 10
76 424 2 9
58 688 8 4
625 344 4 10
843 849 1 4
179 961 6 8
155 250 2 4
70 585 1 5
238 687 5 9
103 131 1 10
50 631 7 8
715 271 4 9
932 709 5 2
448 127 3 9
200 615 6 4
778 242 9 6
341 410 1 1
438 884 2 6
485 715 6 6
329 179 7 9
256 126 10 8
464 675 4 9
377 834 9 5
233 809 7 4
854 82 3 2
351 115 6 6
860 44 7 5
385 852 7 4
567 229 2 6
459 284 7 6
582 714 4 4
939 645 8 3
51 831 4 6
788 726 8 10
6 491 8 3
893 683 7 9
770 977 3 8
226 522 9 10
253 135 3 8
240 231 8 9
892 234 6 2
180 327 8 4
587 663 9 4
764 111 2 1
264 986 2 6
988 21 8 10
392 234 6 1
937 189 2 2
479 810 7 5
400 261 6 2
731 352 8 3
718 752 8 4
473 169 10 2
481 118 3 3
974 761 5 9
245 937 7 5
718 983 1 9
319 584 1 2
999 14 9 7
884 495 8 6
910 44 3 6
17 651 9 5
375 910 6 7
148 130 3 1
528 385 3 6
48 496 4 2
118 146 3 8
940 923 6 6
373 133 3 3
709 63 10 9
43 208 3 3
366 761 6 8
21 169 2 3
902 742 6 1
536 795 6 3
72 708 8 10
112 979 5 1
964 815 2 7
283 912 7 3
820 828 1 7
270 5 10 7
126 473 8 3
501 785 1 2
968 482 8 4
382 111 10 9
774 692 5 9
494 501 2 1
725 669 1 10
794 679 4 10
698 449 9 1
46 108 1 7
690 646 4 10
304 535 10 7
387 327 6 10
748 791 10 7
49 267 4 9
73 591 5 6
865 183 10 10
842 517 10 1
696 614 10 6
100 221 3 3
595 935 8 1
742 542 4 9
880 535 10 3
347 731 8 2
475 449 5 4
313 762 2 9
873 212 9 4
932 65 2 7
975 477 5 6
3 10 3 8
531 559 2 1
928 485 10 7
104 953 1 5
147 662 6 1
669 784 9 7
767 497 4 1
950 255 6 9
627 156 9 9
561 173 3 8
137 420 4 5
833 486 2 7
777 718 9 1
661 688 6 6
806 623 3 5
745 727 2 1
870 67 4 8
618 224 3 2
125 928 6 8
677 673 2 7
922 620 5 9
512 214 5 1
720 266 1 8
622 36 5 1
828 295 3 5
214 313 4 5
805 882 9 1
284 833 10 4
702 198 10 1
838 697 3 2
28 874 3 10
975 822 5 3
270 577 9 1
126 950 5 7
631 561 3 9
279 198 5 6
669 79 6 5
655 273 10 4
85 799 10 7
419 134 5 7
75 336 8 8
113 449 2 1
525 565 3 4
948 952 5 2
64 428 8 4
443 79 1 7
328 930 4 6
546 827 7 10
611 500 9 9
175 361 2 8
462 390 1 6
181 359 8 5
373 590 1 6
155 233 3 4
759 282 1 2
141 333 9 7
951 733 4 5
712 407 6 10
914 749 3 2
505 268 1 3
143 334 6 5
654 665 1 8
905 223 2 5
683 796 1 4
325 139 7 10
133 425 1 2
498 136 1 9
305 782 3 2
395 843 5 2
548 327 6 7
814 641 8 4
268 385 5 5
767 167 7 8
77 513 10 10
685 649 5 5
708 813 4 3
195 238 6 6
774 801 5 7
862 417 3 2
496 499 7 10
21 160 5 9
848 702 8 6
747 168 1 2
114 762 2 8
813 309 8 9
11 305 8 9
122 758 5 5
648 426 10 9
725 574 4 10
318 209 10 5
580 443 10 5
267 411 8 3
139 178 5 3
491 110 4 6
721 272 9 9
67 158 8 2
89 410 6 8
584 624 6 4
248 524 10 1
943 626 7 10
781 892 4 1
126 312 3 2
35 775 6 10
369 560 6 9
32 90 3 10
21 997 4 10
88 578 2 8
911 606 5 1
161 532 8 6
988 120 2 5
280 964 4 5
362 302 3 5
474 88 9 4
125 503 7 3
3 797 8 8
370 400 4 6
233 736 9 8
278 413 5 4
849 894 5 7
463 187 3 1
951 20 9 6
888 87 4 1
698 550 8 4
88 727 5 10
548 890 5 4
619 23 4 4
749 669 4 2
182 820 4 3
576 196 4 1
967 164 7 8
635 556 10 1
345 930 7 9
331 601 3 2
443 398 8 1
508 714 8 3
593 898 4 4
252 746 6 9
857 573 4 5
432 359 4 1
662 980 2 6
844 414 10 10
311 882 6 3
942 739 1 3
968 846 2 6
107 237 5 1
598 909 6 3
424 663 10 2
286 114 9 9
393 423 2 3
886 876 7 1
908 202 9 10
569 319 9 9
982 685 6 2
662 881 9 4
955 69 5 9
857 358 6 2
985 278 1 8
288 643 5 3
981 630 1 8
286 598 2 2
500 107 2 2
570 379 2 9
10 359 3 3
256 79 7 7
965 754 1 9
805 911 10 7
929 16 8 7
870 473 3 10
884 621 5 7
961 121 4 2
859 271 3 2
993 445 9 8
579 68 1 10
653 761 8 3
361 174 10 2
314 850 6 9
177 925 6 10
203 742 5 3
41 909 3 10
766 280 5 3
965 874 10 9
257 328 6 9
259 346 9 4
72 512 4 7
560 498 9 9
920 695 3 1
233 431 3 4
135 937 1 1
322 502 7 4
968 396 9 3
537 148 2 1
794 667 1 7
163 933 10 6
641 494 3 7
644 479 3 3
338 79 3 2
730 783 2 9
914 797 5 10
762 274 6 8
151 236 10 4
457 277 6 9
245 866 4 8
955 964 3 1
81 546 6 3
470 198 3 7
336 307 9 3
343 798 1 5
47 890 1 2
826 890 6 10
492 955 8 8
589 846 9 10
723 75 5 7
581 593 9 2
865 663 5 6
894 623 3 8
899 181 6 5
871 932 5 3
926 217 3 7
786 502 4 5
152 296 10 10
591 58 4 8
981 304 9 7
97 453 7 7
170 197 1 4
878 923 6 9
836 37 2 1
203 347 10 1
24 147 7 6
148 608 3 4
700 262 7 5
7 944 2 6
252 355 6 6
281 816 6 10
317 126 2 5
343 301 2 6
492 668 9 3
829 691 5 7
54 418 5 10
569 953 6 1
481 446 1 7
896 202 2 5
465 980 9 6
926 132 2 6
363 385 5 10
161 844 2 5
268 99 3 5
454 719 3 1
730 622 7 5
905 233 2 7
448 503 5 6
880 281 6 2
413 660 10 8
288 522 10 6
893 529 8 7
21 594 8 6
835 602 2 10
218 279 6 5
464 521 2 4
135 620 4 9
149 911 7 4
50
135
88
705
996
506
884
241
594
401
496
372
6
98
107
318
40
736
217
985
462
434
65
686
202
299
216
531
441
501
104
269
349
954
305
373
512
569
599
720
444
197
541
448
413
495
86
20
650
257
140
10
SUPER 465 166 586
KABUR 283 935
SUPER 706 286 669
SUPER 243 451 811
SUPER 497 222 154
SUPER 71 479 310
SIMULASI 198 538 650 787 6 943 753 942 969 43 820 113 668 390 929 910 883 922 454 553 954 926 737 978 570 532 95 847 250 443 846 431 611 5 242 175 91 74 780 161 75 916 974 433 609 800 422 119 300 415 983 402 748 904 251 403 316 697 447 722 913 905 637 903 747 759 118 573 583 592 707 892 425 283 275 131 16 754 968 542 56 128 463 985 143 818 292 973 84 735 758 510 54 89 70 138 94 311 116 122 784 526 723 509 154 408 855 231 531 618 136 194 366 658 619 763 728 709 420 362 313 32 939 992 171 911 474 458 862 652 66 848 23 773 114 821 917 666 511 777 65 782 192 849 827 517 209 966 746 670 632 986 663 546 767 859 870 49 736 179 567 693 248 959 545 689 424 597 473 428 469 467 885 749 33 716 887 24 539 323 535 444 51 854 320 654 656 386 998 828 62 164 167 57 633 523 394 69 216 
SIMULASI 845 529 796 540 619 980 285 412 723 208 169 702 253 366 274 54 460 481 885 282 904 148 708 429 52 730 357 196 432 228 241 772 928 655 414 642 739 75 326 137 877 925 446 880 533 680 697 520 713 633 620 721 707 194 934 392 844 106 500 497 150 695 940 792 453 647 555 589 604 694 527 573 240 166 259 964 396 204 506 605 809 528 456 606 9 66 745 878 402 474 935 521 577 581 201 420 342 595 367 442 915 40 791 441 8 231 67 10 82 89 797 216 260 90 105 421 959 867 346 433 542 407 378 192 802 743 945 251 391 789 776 463 316 881 492 777 814 954 644 693 152 122 353 227 296 114 805 817 989 427 58 256 664 673 842 101 245 127 278 585 416 841 85 652 502 746 544 862 219 461 526 83 31 504 979 224 645 42 761 294 700 667 782 968 389 23 629 941 734 140 112 29 688 179 191 737 290 96 153 454 365 452 99 39 494 810 449 536 705 670 905 3 374 906 108 47 1000 415 360 863 795 532 687 306 393 558 160 871 663 172 628 478 498 607 886 457 434 507 303 471 95 469 866 651 186 969 609 516 92 618 157 247 217 517 564 28 982 324 736 297 827 657 81 957 569 508 815 594 403 942 666 490 600 890 970 568 424 405 111 608 451 318 486 438 450 372 927 849 987 426 258 716 22 997 272 444 207 691 659 845 32 200 198 895 799 329 138 914 565 14 350 882 537 944 352 56 786 468 30 897 574 418 962 156 770 747 100 986 335 710 436 175 211 952 907 395 269 130 950 271 648 180 309 834 650 48 210 932 123 981 236 503 757 317 541 588 888 999 84 304 599 813 327 853 918 397 586 470 788 851 626 637 142 413 771 908 692 793 901 79 917 899 384 840 38 627 803 250 223 861 825 313 872 678 948 634 242 249 409 445 974 206 690 390 102 25 2 591 983 501 264 758 874 838 545 800 268 712 35 333 762 86 280 733 36 480 738 300 818 284 523 714 125 603 113 398 63 276 116 715 613 625 394 34 778 221 411 995 388 440 232 359 184 512 511 976 141 78 889 828 518 487 572 689 836 265 549 755 183 472 556 873 279 289 937 858 763 864 358 654 332 665 638 33 120 860 88 321 435 662 483 681 830 661 376 996 946 60 277 69 790 751 351 328 149 121 552 17 16 636 298 811 489 671 898 848 387 466 553 912 20 919 275 49 283 128 6 551 161 921 213 64 174 674 993 91 531 190 129 356 209 675 610 955 109 514 965 143 375 428 263 51 759 225 448 632 672 784 679 273 539 244 566 741 338 71 583 126 363 386 11 119 193 794 820 77 936 616 749 299 404 535 509 334 709 546 911 686 660 522 261 98 683 203 21 984 437 768 406 534 994 580 598 493 136 967 891 725 855 462 685 110 924 458 230 892 281 44 548 181 622 118 870 992 590 354 337 467 823 103 197 593 212 371 199 947 971 80 459 286 417 975 547 909 496 563 887 349 658 704 422 293 477 307 369 330 879 884 933 131 729 401 310 505 750 431 669 766 601 740 348 164 676 854 295 963 570 322 798 822 543 146 988 55 383 718 865 801 68 883 237 829 530 653 168 362 439 557 139 748 639 373 621 53 612 195 630 408 368 876 339 167 343 218 495 753 229 720 524 187 255 162 18 7 646 215 902 331 515 144 115 977 182 833 76 382 323 163 711 430 155 50 104 292 482 990 824 205 550 97 380 821 202 554 837 596 311 635 958 783 5 808 262 185 312 423 852 779 576 649 267 159 24 266 171 319 764 696 173 953 476 624 158 74 926 385 735 301 26 760 447 816 45 719 602 222 355 220 896 170 617 341 43 756 732 4 189 923 177 578 117 488 706 592 951 134 571 325 846 643 991 726 812 379 843 819 345 903 614 631 525 804 27 611 510 499 347 239 19 582 978 787 538 930 37 559 
SUPER 933 960 630
SUPER 408 895 754
